-20 2.03442e-11
-19.982 2.04351e-11
-19.964 2.05266e-11
-19.946 2.06186e-11
-19.928 2.07111e-11
-19.91 2.08042e-11
-19.892 2.08979e-11
-19.874 2.0992e-11
-19.856 2.10868e-11
-19.838 2.11821e-11
-19.82 2.12779e-11
-19.802 2.13743e-11
-19.784 2.14713e-11
-19.766 2.15689e-11
-19.748 2.16671e-11
-19.73 2.17659e-11
-19.712 2.18652e-11
-19.694 2.19652e-11
-19.676 2.20658e-11
-19.658 2.21669e-11
-19.64 2.22687e-11
-19.622 2.23712e-11
-19.604 2.24742e-11
-19.586 2.25779e-11
-19.568 2.26822e-11
-19.55 2.27872e-11
-19.532 2.28928e-11
-19.514 2.29991e-11
-19.496 2.31061e-11
-19.478 2.32137e-11
-19.46 2.3322e-11
-19.442 2.34309e-11
-19.424 2.35406e-11
-19.406 2.36509e-11
-19.388 2.3762e-11
-19.37 2.38737e-11
-19.352 2.39862e-11
-19.334 2.40993e-11
-19.316 2.42132e-11
-19.298 2.43278e-11
-19.28 2.44432e-11
-19.262 2.45593e-11
-19.244 2.46761e-11
-19.226 2.47937e-11
-19.208 2.4912e-11
-19.19 2.50311e-11
-19.172 2.5151e-11
-19.154 2.52717e-11
-19.136 2.53931e-11
-19.118 2.55154e-11
-19.1 2.56384e-11
-19.082 2.57622e-11
-19.064 2.58868e-11
-19.046 2.60123e-11
-19.028 2.61386e-11
-19.01 2.62657e-11
-18.992 2.63936e-11
-18.974 2.65224e-11
-18.956 2.6652e-11
-18.938 2.67825e-11
-18.92 2.69138e-11
-18.902 2.7046e-11
-18.884 2.71791e-11
-18.866 2.7313e-11
-18.848 2.74479e-11
-18.83 2.75836e-11
-18.812 2.77203e-11
-18.794 2.78578e-11
-18.776 2.79963e-11
-18.758 2.81357e-11
-18.74 2.8276e-11
-18.722 2.84172e-11
-18.704 2.85594e-11
-18.686 2.87026e-11
-18.668 2.88467e-11
-18.65 2.89918e-11
-18.632 2.91378e-11
-18.614 2.92848e-11
-18.596 2.94328e-11
-18.578 2.95818e-11
-18.56 2.97318e-11
-18.542 2.98828e-11
-18.524 3.00348e-11
-18.506 3.01879e-11
-18.488 3.03419e-11
-18.47 3.0497e-11
-18.452 3.06532e-11
-18.434 3.08104e-11
-18.416 3.09686e-11
-18.398 3.11279e-11
-18.38 3.12883e-11
-18.362 3.14498e-11
-18.344 3.16123e-11
-18.326 3.1776e-11
-18.308 3.19407e-11
-18.29 3.21066e-11
-18.272 3.22736e-11
-18.254 3.24417e-11
-18.236 3.26109e-11
-18.218 3.27813e-11
-18.2 3.29528e-11
-18.182 3.31255e-11
-18.164 3.32993e-11
-18.146 3.34743e-11
-18.128 3.36505e-11
-18.11 3.38278e-11
-18.092 3.40064e-11
-18.074 3.41862e-11
-18.056 3.43671e-11
-18.038 3.45493e-11
-18.02 3.47327e-11
-18.002 3.49173e-11
-17.984 3.51032e-11
-17.966 3.52903e-11
-17.948 3.54787e-11
-17.93 3.56683e-11
-17.912 3.58592e-11
-17.894 3.60514e-11
-17.876 3.62449e-11
-17.858 3.64396e-11
-17.84 3.66357e-11
-17.822 3.68331e-11
-17.804 3.70317e-11
-17.786 3.72317e-11
-17.768 3.74331e-11
-17.75 3.76357e-11
-17.732 3.78398e-11
-17.714 3.80451e-11
-17.696 3.82519e-11
-17.678 3.846e-11
-17.66 3.86694e-11
-17.642 3.88803e-11
-17.624 3.90926e-11
-17.606 3.93062e-11
-17.588 3.95213e-11
-17.57 3.97378e-11
-17.552 3.99557e-11
-17.534 4.0175e-11
-17.516 4.03958e-11
-17.498 4.0618e-11
-17.48 4.08417e-11
-17.462 4.10669e-11
-17.444 4.12935e-11
-17.426 4.15216e-11
-17.408 4.17512e-11
-17.39 4.19822e-11
-17.372 4.22148e-11
-17.354 4.24489e-11
-17.336 4.26845e-11
-17.318 4.29216e-11
-17.3 4.31603e-11
-17.282 4.34005e-11
-17.264 4.36422e-11
-17.246 4.38855e-11
-17.228 4.41304e-11
-17.21 4.43768e-11
-17.192 4.46248e-11
-17.174 4.48744e-11
-17.156 4.51256e-11
-17.138 4.53784e-11
-17.12 4.56328e-11
-17.102 4.58889e-11
-17.084 4.61465e-11
-17.066 4.64058e-11
-17.048 4.66667e-11
-17.03 4.69292e-11
-17.012 4.71935e-11
-16.994 4.74593e-11
-16.976 4.77269e-11
-16.958 4.79961e-11
-16.94 4.8267e-11
-16.922 4.85396e-11
-16.904 4.88139e-11
-16.886 4.90899e-11
-16.868 4.93676e-11
-16.85 4.9647e-11
-16.832 4.99282e-11
-16.814 5.02111e-11
-16.796 5.04957e-11
-16.778 5.07821e-11
-16.76 5.10702e-11
-16.742 5.13602e-11
-16.724 5.16518e-11
-16.706 5.19453e-11
-16.688 5.22405e-11
-16.67 5.25375e-11
-16.652 5.28364e-11
-16.634 5.3137e-11
-16.616 5.34395e-11
-16.598 5.37437e-11
-16.58 5.40498e-11
-16.562 5.43577e-11
-16.544 5.46675e-11
-16.526 5.49791e-11
-16.508 5.52926e-11
-16.49 5.56079e-11
-16.472 5.59251e-11
-16.454 5.62442e-11
-16.436 5.65651e-11
-16.418 5.6888e-11
-16.4 5.72127e-11
-16.382 5.75393e-11
-16.364 5.78678e-11
-16.346 5.81983e-11
-16.328 5.85307e-11
-16.31 5.8865e-11
-16.292 5.92012e-11
-16.274 5.95393e-11
-16.256 5.98795e-11
-16.238 6.02215e-11
-16.22 6.05655e-11
-16.202 6.09115e-11
-16.184 6.12595e-11
-16.166 6.16094e-11
-16.148 6.19613e-11
-16.13 6.23152e-11
-16.112 6.26711e-11
-16.094 6.3029e-11
-16.076 6.33889e-11
-16.058 6.37508e-11
-16.04 6.41147e-11
-16.022 6.44806e-11
-16.004 6.48486e-11
-15.986 6.52186e-11
-15.968 6.55906e-11
-15.95 6.59647e-11
-15.932 6.63409e-11
-15.914 6.6719e-11
-15.896 6.70993e-11
-15.878 6.74816e-11
-15.86 6.7866e-11
-15.842 6.82525e-11
-15.824 6.8641e-11
-15.806 6.90317e-11
-15.788 6.94244e-11
-15.77 6.98192e-11
-15.752 7.02161e-11
-15.734 7.06152e-11
-15.716 7.10163e-11
-15.698 7.14196e-11
-15.68 7.1825e-11
-15.662 7.22325e-11
-15.644 7.26421e-11
-15.626 7.30539e-11
-15.608 7.34678e-11
-15.59 7.38839e-11
-15.572 7.43021e-11
-15.554 7.47225e-11
-15.536 7.5145e-11
-15.518 7.55697e-11
-15.5 7.59965e-11
-15.482 7.64256e-11
-15.464 7.68568e-11
-15.446 7.72901e-11
-15.428 7.77257e-11
-15.41 7.81634e-11
-15.392 7.86034e-11
-15.374 7.90455e-11
-15.356 7.94899e-11
-15.338 7.99364e-11
-15.32 8.03851e-11
-15.302 8.08361e-11
-15.284 8.12893e-11
-15.266 8.17447e-11
-15.248 8.22023e-11
-15.23 8.26621e-11
-15.212 8.31242e-11
-15.194 8.35884e-11
-15.176 8.4055e-11
-15.158 8.45237e-11
-15.14 8.49947e-11
-15.122 8.5468e-11
-15.104 8.59435e-11
-15.086 8.64212e-11
-15.068 8.69012e-11
-15.05 8.73835e-11
-15.032 8.7868e-11
-15.014 8.83548e-11
-14.996 8.88438e-11
-14.978 8.93351e-11
-14.96 8.98287e-11
-14.942 9.03246e-11
-14.924 9.08227e-11
-14.906 9.13231e-11
-14.888 9.18258e-11
-14.87 9.23307e-11
-14.852 9.2838e-11
-14.834 9.33475e-11
-14.816 9.38593e-11
-14.798 9.43735e-11
-14.78 9.48899e-11
-14.762 9.54086e-11
-14.744 9.59296e-11
-14.726 9.64529e-11
-14.708 9.69785e-11
-14.69 9.75064e-11
-14.672 9.80367e-11
-14.654 9.85692e-11
-14.636 9.9104e-11
-14.618 9.96412e-11
-14.6 1.00181e-10
-14.582 1.00722e-10
-14.564 1.01266e-10
-14.546 1.01813e-10
-14.528 1.02362e-10
-14.51 1.02913e-10
-14.492 1.03466e-10
-14.474 1.04022e-10
-14.456 1.0458e-10
-14.438 1.0514e-10
-14.42 1.05703e-10
-14.402 1.06268e-10
-14.384 1.06835e-10
-14.366 1.07405e-10
-14.348 1.07977e-10
-14.33 1.08551e-10
-14.312 1.09128e-10
-14.294 1.09707e-10
-14.276 1.10288e-10
-14.258 1.10872e-10
-14.24 1.11458e-10
-14.222 1.12046e-10
-14.204 1.12637e-10
-14.186 1.1323e-10
-14.168 1.13825e-10
-14.15 1.14423e-10
-14.132 1.15023e-10
-14.114 1.15625e-10
-14.096 1.1623e-10
-14.078 1.16837e-10
-14.06 1.17447e-10
-14.042 1.18058e-10
-14.024 1.18672e-10
-14.006 1.19289e-10
-13.988 1.19908e-10
-13.97 1.20529e-10
-13.952 1.21152e-10
-13.934 1.21778e-10
-13.916 1.22406e-10
-13.898 1.23037e-10
-13.88 1.2367e-10
-13.862 1.24305e-10
-13.844 1.24943e-10
-13.826 1.25583e-10
-13.808 1.26225e-10
-13.79 1.2687e-10
-13.772 1.27517e-10
-13.754 1.28166e-10
-13.736 1.28818e-10
-13.718 1.29472e-10
-13.7 1.30128e-10
-13.682 1.30787e-10
-13.664 1.31448e-10
-13.646 1.32112e-10
-13.628 1.32778e-10
-13.61 1.33446e-10
-13.592 1.34116e-10
-13.574 1.34789e-10
-13.556 1.35465e-10
-13.538 1.36142e-10
-13.52 1.36822e-10
-13.502 1.37505e-10
-13.484 1.38189e-10
-13.466 1.38876e-10
-13.448 1.39566e-10
-13.43 1.40258e-10
-13.412 1.40952e-10
-13.394 1.41648e-10
-13.376 1.42347e-10
-13.358 1.43048e-10
-13.34 1.43752e-10
-13.322 1.44458e-10
-13.304 1.45166e-10
-13.286 1.45877e-10
-13.268 1.4659e-10
-13.25 1.47306e-10
-13.232 1.48023e-10
-13.214 1.48744e-10
-13.196 1.49466e-10
-13.178 1.50191e-10
-13.16 1.50918e-10
-13.142 1.51648e-10
-13.124 1.5238e-10
-13.106 1.53114e-10
-13.088 1.53851e-10
-13.07 1.5459e-10
-13.052 1.55332e-10
-13.034 1.56076e-10
-13.016 1.56822e-10
-12.998 1.57571e-10
-12.98 1.58322e-10
-12.962 1.59075e-10
-12.944 1.59831e-10
-12.926 1.6059e-10
-12.908 1.6135e-10
-12.89 1.62113e-10
-12.872 1.62879e-10
-12.854 1.63647e-10
-12.836 1.64417e-10
-12.818 1.6519e-10
-12.8 1.65965e-10
-12.782 1.66742e-10
-12.764 1.67522e-10
-12.746 1.68304e-10
-12.728 1.69089e-10
-12.71 1.69876e-10
-12.692 1.70666e-10
-12.674 1.71458e-10
-12.656 1.72252e-10
-12.638 1.73049e-10
-12.62 1.73848e-10
-12.602 1.7465e-10
-12.584 1.75454e-10
-12.566 1.76261e-10
-12.548 1.7707e-10
-12.53 1.77881e-10
-12.512 1.78695e-10
-12.494 1.79512e-10
-12.476 1.80331e-10
-12.458 1.81152e-10
-12.44 1.81976e-10
-12.422 1.82802e-10
-12.404 1.83631e-10
-12.386 1.84462e-10
-12.368 1.85296e-10
-12.35 1.86133e-10
-12.332 1.86971e-10
-12.314 1.87813e-10
-12.296 1.88657e-10
-12.278 1.89503e-10
-12.26 1.90352e-10
-12.242 1.91204e-10
-12.224 1.92058e-10
-12.206 1.92914e-10
-12.188 1.93773e-10
-12.17 1.94635e-10
-12.152 1.95499e-10
-12.134 1.96366e-10
-12.116 1.97235e-10
-12.098 1.98107e-10
-12.08 1.98982e-10
-12.062 1.99859e-10
-12.044 2.00739e-10
-12.026 2.01622e-10
-12.008 2.02507e-10
-11.99 2.03394e-10
-11.972 2.04285e-10
-11.954 2.05178e-10
-11.936 2.06074e-10
-11.918 2.06972e-10
-11.9 2.07873e-10
-11.882 2.08777e-10
-11.864 2.09683e-10
-11.846 2.10593e-10
-11.828 2.11505e-10
-11.81 2.12419e-10
-11.792 2.13337e-10
-11.774 2.14257e-10
-11.756 2.1518e-10
-11.738 2.16106e-10
-11.72 2.17034e-10
-11.702 2.17966e-10
-11.684 2.189e-10
-11.666 2.19837e-10
-11.648 2.20777e-10
-11.63 2.2172e-10
-11.612 2.22665e-10
-11.594 2.23614e-10
-11.576 2.24565e-10
-11.558 2.25519e-10
-11.54 2.26477e-10
-11.522 2.27437e-10
-11.504 2.284e-10
-11.486 2.29366e-10
-11.468 2.30335e-10
-11.45 2.31307e-10
-11.432 2.32283e-10
-11.414 2.33261e-10
-11.396 2.34242e-10
-11.378 2.35226e-10
-11.36 2.36214e-10
-11.342 2.37204e-10
-11.324 2.38198e-10
-11.306 2.39195e-10
-11.288 2.40194e-10
-11.27 2.41198e-10
-11.252 2.42204e-10
-11.234 2.43213e-10
-11.216 2.44226e-10
-11.198 2.45242e-10
-11.18 2.46261e-10
-11.162 2.47284e-10
-11.144 2.4831e-10
-11.126 2.49339e-10
-11.108 2.50371e-10
-11.09 2.51407e-10
-11.072 2.52447e-10
-11.054 2.53489e-10
-11.036 2.54536e-10
-11.018 2.55585e-10
-11 2.56638e-10
-10.982 2.57695e-10
-10.964 2.58755e-10
-10.946 2.59819e-10
-10.928 2.60886e-10
-10.91 2.61957e-10
-10.892 2.63031e-10
-10.874 2.6411e-10
-10.856 2.65191e-10
-10.838 2.66277e-10
-10.82 2.67366e-10
-10.802 2.68459e-10
-10.784 2.69556e-10
-10.766 2.70657e-10
-10.748 2.71761e-10
-10.73 2.7287e-10
-10.712 2.73982e-10
-10.694 2.75098e-10
-10.676 2.76218e-10
-10.658 2.77342e-10
-10.64 2.7847e-10
-10.622 2.79602e-10
-10.604 2.80738e-10
-10.586 2.81879e-10
-10.568 2.83023e-10
-10.55 2.84172e-10
-10.532 2.85324e-10
-10.514 2.86481e-10
-10.496 2.87643e-10
-10.478 2.88808e-10
-10.46 2.89978e-10
-10.442 2.91152e-10
-10.424 2.92331e-10
-10.406 2.93514e-10
-10.388 2.94701e-10
-10.37 2.95893e-10
-10.352 2.9709e-10
-10.334 2.98291e-10
-10.316 2.99496e-10
-10.298 3.00707e-10
-10.28 3.01922e-10
-10.262 3.03141e-10
-10.244 3.04366e-10
-10.226 3.05595e-10
-10.208 3.06829e-10
-10.19 3.08067e-10
-10.172 3.09311e-10
-10.154 3.1056e-10
-10.136 3.11813e-10
-10.118 3.13072e-10
-10.1 3.14336e-10
-10.082 3.15604e-10
-10.064 3.16878e-10
-10.046 3.18157e-10
-10.028 3.19442e-10
-10.01 3.20731e-10
-9.992 3.22026e-10
-9.974 3.23326e-10
-9.956 3.24632e-10
-9.938 3.25943e-10
-9.92 3.27259e-10
-9.902 3.28581e-10
-9.884 3.29909e-10
-9.866 3.31242e-10
-9.848 3.3258e-10
-9.83 3.33925e-10
-9.812 3.35275e-10
-9.794 3.36631e-10
-9.776 3.37993e-10
-9.758 3.3936e-10
-9.74 3.40734e-10
-9.722 3.42113e-10
-9.704 3.43499e-10
-9.686 3.44891e-10
-9.668 3.46288e-10
-9.65 3.47692e-10
-9.632 3.49102e-10
-9.614 3.50519e-10
-9.596 3.51941e-10
-9.578 3.5337e-10
-9.56 3.54806e-10
-9.542 3.56248e-10
-9.524 3.57696e-10
-9.506 3.59151e-10
-9.488 3.60612e-10
-9.47 3.62081e-10
-9.452 3.63555e-10
-9.434 3.65037e-10
-9.416 3.66526e-10
-9.398 3.68021e-10
-9.38 3.69523e-10
-9.362 3.71033e-10
-9.344 3.72549e-10
-9.326 3.74072e-10
-9.308 3.75603e-10
-9.29 3.7714e-10
-9.272 3.78685e-10
-9.254 3.80238e-10
-9.236 3.81797e-10
-9.218 3.83364e-10
-9.2 3.84939e-10
-9.182 3.86521e-10
-9.164 3.88111e-10
-9.146 3.89708e-10
-9.128 3.91313e-10
-9.11 3.92925e-10
-9.092 3.94546e-10
-9.074 3.96174e-10
-9.056 3.97811e-10
-9.038 3.99455e-10
-9.02 4.01107e-10
-9.002 4.02768e-10
-8.984 4.04436e-10
-8.966 4.06113e-10
-8.948 4.07798e-10
-8.93 4.09492e-10
-8.912 4.11194e-10
-8.894 4.12904e-10
-8.876 4.14623e-10
-8.858 4.1635e-10
-8.84 4.18086e-10
-8.822 4.19831e-10
-8.804 4.21585e-10
-8.786 4.23347e-10
-8.768 4.25118e-10
-8.75 4.26898e-10
-8.732 4.28688e-10
-8.714 4.30486e-10
-8.696 4.32293e-10
-8.678 4.3411e-10
-8.66 4.35936e-10
-8.642 4.37771e-10
-8.624 4.39615e-10
-8.606 4.41469e-10
-8.588 4.43333e-10
-8.57 4.45206e-10
-8.552 4.47088e-10
-8.534 4.48981e-10
-8.516 4.50883e-10
-8.498 4.52795e-10
-8.48 4.54717e-10
-8.462 4.56648e-10
-8.444 4.5859e-10
-8.426 4.60542e-10
-8.408 4.62504e-10
-8.39 4.64476e-10
-8.372 4.66458e-10
-8.354 4.68451e-10
-8.336 4.70454e-10
-8.318 4.72468e-10
-8.3 4.74492e-10
-8.282 4.76527e-10
-8.264 4.78572e-10
-8.246 4.80628e-10
-8.228 4.82695e-10
-8.21 4.84772e-10
-8.192 4.86861e-10
-8.174 4.8896e-10
-8.156 4.91071e-10
-8.138 4.93192e-10
-8.12 4.95325e-10
-8.102 4.97469e-10
-8.084 4.99624e-10
-8.066 5.0179e-10
-8.048 5.03968e-10
-8.03 5.06158e-10
-8.012 5.08358e-10
-7.994 5.10571e-10
-7.976 5.12795e-10
-7.958 5.15031e-10
-7.94 5.17278e-10
-7.922 5.19538e-10
-7.904 5.21809e-10
-7.886 5.24092e-10
-7.868 5.26387e-10
-7.85 5.28695e-10
-7.832 5.31014e-10
-7.814 5.33346e-10
-7.796 5.3569e-10
-7.778 5.38046e-10
-7.76 5.40415e-10
-7.742 5.42796e-10
-7.724 5.45189e-10
-7.706 5.47595e-10
-7.688 5.50014e-10
-7.67 5.52445e-10
-7.652 5.54889e-10
-7.634 5.57346e-10
-7.616 5.59816e-10
-7.598 5.62299e-10
-7.58 5.64794e-10
-7.562 5.67303e-10
-7.544 5.69825e-10
-7.526 5.72359e-10
-7.508 5.74907e-10
-7.49 5.77469e-10
-7.472 5.80043e-10
-7.454 5.82631e-10
-7.436 5.85232e-10
-7.418 5.87847e-10
-7.4 5.90475e-10
-7.382 5.93117e-10
-7.364 5.95772e-10
-7.346 5.98441e-10
-7.328 6.01124e-10
-7.31 6.0382e-10
-7.292 6.06531e-10
-7.274 6.09255e-10
-7.256 6.11993e-10
-7.238 6.14745e-10
-7.22 6.17511e-10
-7.202 6.20291e-10
-7.184 6.23086e-10
-7.166 6.25894e-10
-7.148 6.28716e-10
-7.13 6.31553e-10
-7.112 6.34404e-10
-7.094 6.3727e-10
-7.076 6.4015e-10
-7.058 6.43044e-10
-7.04 6.45952e-10
-7.022 6.48876e-10
-7.004 6.51813e-10
-6.986 6.54766e-10
-6.968 6.57733e-10
-6.95 6.60714e-10
-6.932 6.6371e-10
-6.914 6.66721e-10
-6.896 6.69747e-10
-6.878 6.72788e-10
-6.86 6.75843e-10
-6.842 6.78913e-10
-6.824 6.81998e-10
-6.806 6.85099e-10
-6.788 6.88214e-10
-6.77 6.91344e-10
-6.752 6.94489e-10
-6.734 6.97649e-10
-6.716 7.00824e-10
-6.698 7.04015e-10
-6.68 7.0722e-10
-6.662 7.10441e-10
-6.644 7.13677e-10
-6.626 7.16928e-10
-6.608 7.20195e-10
-6.59 7.23476e-10
-6.572 7.26773e-10
-6.554 7.30085e-10
-6.536 7.33413e-10
-6.518 7.36756e-10
-6.5 7.40114e-10
-6.482 7.43488e-10
-6.464 7.46877e-10
-6.446 7.50281e-10
-6.428 7.53701e-10
-6.41 7.57137e-10
-6.392 7.60588e-10
-6.374 7.64054e-10
-6.356 7.67536e-10
-6.338 7.71033e-10
-6.32 7.74545e-10
-6.302 7.78074e-10
-6.284 7.81617e-10
-6.266 7.85177e-10
-6.248 7.88751e-10
-6.23 7.92342e-10
-6.212 7.95947e-10
-6.194 7.99569e-10
-6.176 8.03205e-10
-6.158 8.06858e-10
-6.14 8.10525e-10
-6.122 8.14209e-10
-6.104 8.17907e-10
-6.086 8.21622e-10
-6.068 8.25351e-10
-6.05 8.29096e-10
-6.032 8.32857e-10
-6.014 8.36633e-10
-5.996 8.40425e-10
-5.978 8.44232e-10
-5.96 8.48054e-10
-5.942 8.51891e-10
-5.924 8.55745e-10
-5.906 8.59613e-10
-5.888 8.63497e-10
-5.87 8.67396e-10
-5.852 8.7131e-10
-5.834 8.75239e-10
-5.816 8.79184e-10
-5.798 8.83144e-10
-5.78 8.87119e-10
-5.762 8.91109e-10
-5.744 8.95115e-10
-5.726 8.99135e-10
-5.708 9.03171e-10
-5.69 9.07221e-10
-5.672 9.11286e-10
-5.654 9.15367e-10
-5.636 9.19462e-10
-5.618 9.23572e-10
-5.6 9.27697e-10
-5.582 9.31836e-10
-5.564 9.35991e-10
-5.546 9.40159e-10
-5.528 9.44343e-10
-5.51 9.48541e-10
-5.492 9.52754e-10
-5.474 9.56981e-10
-5.456 9.61222e-10
-5.438 9.65478e-10
-5.42 9.69748e-10
-5.402 9.74032e-10
-5.384 9.78331e-10
-5.366 9.82643e-10
-5.348 9.8697e-10
-5.33 9.9131e-10
-5.312 9.95665e-10
-5.294 1.00003e-09
-5.276 1.00441e-09
-5.258 1.00881e-09
-5.24 1.01322e-09
-5.222 1.01764e-09
-5.204 1.02208e-09
-5.186 1.02653e-09
-5.168 1.03099e-09
-5.15 1.03547e-09
-5.132 1.03996e-09
-5.114 1.04446e-09
-5.096 1.04898e-09
-5.078 1.0535e-09
-5.06 1.05804e-09
-5.042 1.0626e-09
-5.024 1.06716e-09
-5.006 1.07174e-09
-4.988 1.07633e-09
-4.97 1.08094e-09
-4.952 1.08555e-09
-4.934 1.09018e-09
-4.916 1.09482e-09
-4.898 1.09947e-09
-4.88 1.10414e-09
-4.862 1.10881e-09
-4.844 1.1135e-09
-4.826 1.1182e-09
-4.808 1.12291e-09
-4.79 1.12763e-09
-4.772 1.13236e-09
-4.754 1.1371e-09
-4.736 1.14186e-09
-4.718 1.14662e-09
-4.7 1.1514e-09
-4.682 1.15619e-09
-4.664 1.16098e-09
-4.646 1.16579e-09
-4.628 1.17061e-09
-4.61 1.17543e-09
-4.592 1.18027e-09
-4.574 1.18512e-09
-4.556 1.18997e-09
-4.538 1.19484e-09
-4.52 1.19971e-09
-4.502 1.2046e-09
-4.484 1.20949e-09
-4.466 1.21439e-09
-4.448 1.2193e-09
-4.43 1.22422e-09
-4.412 1.22915e-09
-4.394 1.23409e-09
-4.376 1.23903e-09
-4.358 1.24398e-09
-4.34 1.24894e-09
-4.322 1.25391e-09
-4.304 1.25889e-09
-4.286 1.26387e-09
-4.268 1.26886e-09
-4.25 1.27386e-09
-4.232 1.27886e-09
-4.214 1.28387e-09
-4.196 1.28889e-09
-4.178 1.29391e-09
-4.16 1.29894e-09
-4.142 1.30398e-09
-4.124 1.30902e-09
-4.106 1.31407e-09
-4.088 1.31912e-09
-4.07 1.32418e-09
-4.052 1.32925e-09
-4.034 1.33431e-09
-4.016 1.33939e-09
-3.998 1.34447e-09
-3.98 1.34955e-09
-3.962 1.35463e-09
-3.944 1.35973e-09
-3.926 1.36482e-09
-3.908 1.36992e-09
-3.89 1.37502e-09
-3.872 1.38012e-09
-3.854 1.38523e-09
-3.836 1.39034e-09
-3.818 1.39546e-09
-3.8 1.40057e-09
-3.782 1.40569e-09
-3.764 1.41081e-09
-3.746 1.41593e-09
-3.728 1.42106e-09
-3.71 1.42618e-09
-3.692 1.43131e-09
-3.674 1.43644e-09
-3.656 1.44157e-09
-3.638 1.44669e-09
-3.62 1.45182e-09
-3.602 1.45695e-09
-3.584 1.46208e-09
-3.566 1.46721e-09
-3.548 1.47234e-09
-3.53 1.47747e-09
-3.512 1.48259e-09
-3.494 1.48772e-09
-3.476 1.49284e-09
-3.458 1.49797e-09
-3.44 1.50309e-09
-3.422 1.50821e-09
-3.404 1.51332e-09
-3.386 1.51844e-09
-3.368 1.52355e-09
-3.35 1.52866e-09
-3.332 1.53376e-09
-3.314 1.53886e-09
-3.296 1.54396e-09
-3.278 1.54905e-09
-3.26 1.55414e-09
-3.242 1.55923e-09
-3.224 1.56431e-09
-3.206 1.56938e-09
-3.188 1.57445e-09
-3.17 1.57952e-09
-3.152 1.58458e-09
-3.134 1.58963e-09
-3.116 1.59468e-09
-3.098 1.59972e-09
-3.08 1.60475e-09
-3.062 1.60978e-09
-3.044 1.6148e-09
-3.026 1.61981e-09
-3.008 1.62482e-09
-2.99 1.62982e-09
-2.972 1.6348e-09
-2.954 1.63979e-09
-2.936 1.64476e-09
-2.918 1.64972e-09
-2.9 1.65467e-09
-2.882 1.65962e-09
-2.864 1.66455e-09
-2.846 1.66948e-09
-2.828 1.67439e-09
-2.81 1.6793e-09
-2.792 1.68419e-09
-2.774 1.68907e-09
-2.756 1.69394e-09
-2.738 1.6988e-09
-2.72 1.70365e-09
-2.702 1.70849e-09
-2.684 1.71331e-09
-2.666 1.71812e-09
-2.648 1.72292e-09
-2.63 1.7277e-09
-2.612 1.73247e-09
-2.594 1.73723e-09
-2.576 1.74198e-09
-2.558 1.74671e-09
-2.54 1.75142e-09
-2.522 1.75612e-09
-2.504 1.76081e-09
-2.486 1.76548e-09
-2.468 1.77013e-09
-2.45 1.77477e-09
-2.432 1.7794e-09
-2.414 1.784e-09
-2.396 1.78859e-09
-2.378 1.79317e-09
-2.36 1.79772e-09
-2.342 1.80226e-09
-2.324 1.80678e-09
-2.306 1.81129e-09
-2.288 1.81577e-09
-2.27 1.82024e-09
-2.252 1.82469e-09
-2.234 1.82912e-09
-2.216 1.83353e-09
-2.198 1.83792e-09
-2.18 1.84229e-09
-2.162 1.84664e-09
-2.144 1.85097e-09
-2.126 1.85528e-09
-2.108 1.85957e-09
-2.09 1.86383e-09
-2.072 1.86808e-09
-2.054 1.8723e-09
-2.036 1.87651e-09
-2.018 1.88069e-09
-2 1.88485e-09
-1.982 1.88898e-09
-1.964 1.89309e-09
-1.946 1.89718e-09
-1.928 1.90125e-09
-1.91 1.90529e-09
-1.892 1.90931e-09
-1.874 1.9133e-09
-1.856 1.91727e-09
-1.838 1.92121e-09
-1.82 1.92513e-09
-1.802 1.92903e-09
-1.784 1.9329e-09
-1.766 1.93674e-09
-1.748 1.94056e-09
-1.73 1.94435e-09
-1.712 1.94811e-09
-1.694 1.95185e-09
-1.676 1.95556e-09
-1.658 1.95924e-09
-1.64 1.96289e-09
-1.622 1.96652e-09
-1.604 1.97012e-09
-1.586 1.97369e-09
-1.568 1.97723e-09
-1.55 1.98074e-09
-1.532 1.98423e-09
-1.514 1.98768e-09
-1.496 1.99111e-09
-1.478 1.9945e-09
-1.46 1.99787e-09
-1.442 2.0012e-09
-1.424 2.00451e-09
-1.406 2.00778e-09
-1.388 2.01103e-09
-1.37 2.01424e-09
-1.352 2.01742e-09
-1.334 2.02057e-09
-1.316 2.02368e-09
-1.298 2.02677e-09
-1.28 2.02982e-09
-1.262 2.03284e-09
-1.244 2.03583e-09
-1.226 2.03878e-09
-1.208 2.0417e-09
-1.19 2.04459e-09
-1.172 2.04744e-09
-1.154 2.05026e-09
-1.136 2.05305e-09
-1.118 2.0558e-09
-1.1 2.05852e-09
-1.082 2.0612e-09
-1.064 2.06385e-09
-1.046 2.06646e-09
-1.028 2.06903e-09
-1.01 2.07158e-09
-0.992 2.07408e-09
-0.974 2.07655e-09
-0.956 2.07898e-09
-0.938 2.08138e-09
-0.92 2.08374e-09
-0.902 2.08607e-09
-0.884 2.08835e-09
-0.866 2.0906e-09
-0.848 2.09282e-09
-0.83 2.09499e-09
-0.812 2.09713e-09
-0.794 2.09923e-09
-0.776 2.10129e-09
-0.758 2.10332e-09
-0.74 2.1053e-09
-0.722 2.10725e-09
-0.704 2.10916e-09
-0.686 2.11103e-09
-0.668 2.11286e-09
-0.65 2.11465e-09
-0.632 2.1164e-09
-0.614 2.11812e-09
-0.596 2.11979e-09
-0.578 2.12142e-09
-0.56 2.12302e-09
-0.542 2.12457e-09
-0.524 2.12609e-09
-0.506 2.12756e-09
-0.488 2.12899e-09
-0.47 2.13039e-09
-0.452 2.13174e-09
-0.434 2.13305e-09
-0.416 2.13432e-09
-0.398 2.13555e-09
-0.38 2.13674e-09
-0.362 2.13788e-09
-0.344 2.13899e-09
-0.326 2.14005e-09
-0.308 2.14107e-09
-0.29 2.14205e-09
-0.272 2.14299e-09
-0.254 2.14389e-09
-0.236 2.14474e-09
-0.218 2.14555e-09
-0.2 2.14632e-09
-0.182 2.14705e-09
-0.164 2.14774e-09
-0.146 2.14838e-09
-0.128 2.14898e-09
-0.11 2.14953e-09
-0.092 2.15005e-09
-0.074 2.15052e-09
-0.056 2.15095e-09
-0.038 2.15133e-09
-0.02 2.15168e-09
-0.002 2.15197e-09
0.016 2.15223e-09
0.034 2.15244e-09
0.052 2.15261e-09
0.07 2.15274e-09
0.088 2.15282e-09
0.106 2.15286e-09
0.124 2.15286e-09
0.142 2.15281e-09
0.16 2.15271e-09
0.178 2.15258e-09
0.196 2.1524e-09
0.214 2.15218e-09
0.232 2.15191e-09
0.25 2.1516e-09
0.268 2.15125e-09
0.286 2.15085e-09
0.304 2.15041e-09
0.322 2.14992e-09
0.34 2.14939e-09
0.358 2.14882e-09
0.376 2.1482e-09
0.394 2.14754e-09
0.412 2.14683e-09
0.43 2.14609e-09
0.448 2.14529e-09
0.466 2.14446e-09
0.484 2.14358e-09
0.502 2.14265e-09
0.52 2.14168e-09
0.538 2.14067e-09
0.556 2.13962e-09
0.574 2.13852e-09
0.592 2.13738e-09
0.61 2.13619e-09
0.628 2.13496e-09
0.646 2.13369e-09
0.664 2.13237e-09
0.682 2.13101e-09
0.7 2.1296e-09
0.718 2.12816e-09
0.736 2.12667e-09
0.754 2.12513e-09
0.772 2.12356e-09
0.79 2.12194e-09
0.808 2.12027e-09
0.826 2.11857e-09
0.844 2.11682e-09
0.862 2.11503e-09
0.88 2.11319e-09
0.898 2.11131e-09
0.916 2.10939e-09
0.934 2.10743e-09
0.952 2.10543e-09
0.97 2.10338e-09
0.988 2.10129e-09
1.006 2.09916e-09
1.024 2.09699e-09
1.042 2.09477e-09
1.06 2.09251e-09
1.078 2.09022e-09
1.096 2.08788e-09
1.114 2.08549e-09
1.132 2.08307e-09
1.15 2.08061e-09
1.168 2.0781e-09
1.186 2.07556e-09
1.204 2.07297e-09
1.222 2.07034e-09
1.24 2.06767e-09
1.258 2.06497e-09
1.276 2.06222e-09
1.294 2.05943e-09
1.312 2.0566e-09
1.33 2.05373e-09
1.348 2.05082e-09
1.366 2.04788e-09
1.384 2.04489e-09
1.402 2.04186e-09
1.42 2.0388e-09
1.438 2.0357e-09
1.456 2.03255e-09
1.474 2.02937e-09
1.492 2.02615e-09
1.51 2.0229e-09
1.528 2.0196e-09
1.546 2.01627e-09
1.564 2.0129e-09
1.582 2.00949e-09
1.6 2.00605e-09
1.618 2.00257e-09
1.636 1.99905e-09
1.654 1.99549e-09
1.672 1.9919e-09
1.69 1.98827e-09
1.708 1.98461e-09
1.726 1.98091e-09
1.744 1.97718e-09
1.762 1.97341e-09
1.78 1.9696e-09
1.798 1.96576e-09
1.816 1.96189e-09
1.834 1.95798e-09
1.852 1.95404e-09
1.87 1.95006e-09
1.888 1.94605e-09
1.906 1.942e-09
1.924 1.93793e-09
1.942 1.93381e-09
1.96 1.92967e-09
1.978 1.92549e-09
1.996 1.92129e-09
2.014 1.91705e-09
2.032 1.91277e-09
2.05 1.90847e-09
2.068 1.90413e-09
2.086 1.89977e-09
2.104 1.89537e-09
2.122 1.89094e-09
2.14 1.88648e-09
2.158 1.88199e-09
2.176 1.87748e-09
2.194 1.87293e-09
2.212 1.86835e-09
2.23 1.86375e-09
2.248 1.85911e-09
2.266 1.85445e-09
2.284 1.84976e-09
2.302 1.84504e-09
2.32 1.84029e-09
2.338 1.83552e-09
2.356 1.83071e-09
2.374 1.82589e-09
2.392 1.82103e-09
2.41 1.81615e-09
2.428 1.81124e-09
2.446 1.80631e-09
2.464 1.80135e-09
2.482 1.79637e-09
2.5 1.79136e-09
2.518 1.78633e-09
2.536 1.78127e-09
2.554 1.77619e-09
2.572 1.77109e-09
2.59 1.76596e-09
2.608 1.76081e-09
2.626 1.75563e-09
2.644 1.75044e-09
2.662 1.74522e-09
2.68 1.73998e-09
2.698 1.73472e-09
2.716 1.72943e-09
2.734 1.72413e-09
2.752 1.7188e-09
2.77 1.71346e-09
2.788 1.70809e-09
2.806 1.70271e-09
2.824 1.6973e-09
2.842 1.69188e-09
2.86 1.68644e-09
2.878 1.68098e-09
2.896 1.6755e-09
2.914 1.67e-09
2.932 1.66449e-09
2.95 1.65895e-09
2.968 1.65341e-09
2.986 1.64784e-09
3.004 1.64226e-09
3.022 1.63666e-09
3.04 1.63105e-09
3.058 1.62542e-09
3.076 1.61977e-09
3.094 1.61411e-09
3.112 1.60844e-09
3.13 1.60275e-09
3.148 1.59705e-09
3.166 1.59133e-09
3.184 1.5856e-09
3.202 1.57986e-09
3.22 1.57411e-09
3.238 1.56834e-09
3.256 1.56256e-09
3.274 1.55677e-09
3.292 1.55097e-09
3.31 1.54516e-09
3.328 1.53934e-09
3.346 1.5335e-09
3.364 1.52766e-09
3.382 1.52181e-09
3.4 1.51594e-09
3.418 1.51007e-09
3.436 1.50419e-09
3.454 1.4983e-09
3.472 1.4924e-09
3.49 1.4865e-09
3.508 1.48058e-09
3.526 1.47466e-09
3.544 1.46874e-09
3.562 1.4628e-09
3.58 1.45686e-09
3.598 1.45092e-09
3.616 1.44496e-09
3.634 1.439e-09
3.652 1.43304e-09
3.67 1.42707e-09
3.688 1.4211e-09
3.706 1.41513e-09
3.724 1.40914e-09
3.742 1.40316e-09
3.76 1.39717e-09
3.778 1.39118e-09
3.796 1.38519e-09
3.814 1.37919e-09
3.832 1.3732e-09
3.85 1.3672e-09
3.868 1.36119e-09
3.886 1.35519e-09
3.904 1.34919e-09
3.922 1.34318e-09
3.94 1.33718e-09
3.958 1.33118e-09
3.976 1.32517e-09
3.994 1.31917e-09
4.012 1.31316e-09
4.03 1.30716e-09
4.048 1.30116e-09
4.066 1.29516e-09
4.084 1.28917e-09
4.102 1.28317e-09
4.12 1.27718e-09
4.138 1.27119e-09
4.156 1.2652e-09
4.174 1.25922e-09
4.192 1.25324e-09
4.21 1.24726e-09
4.228 1.24129e-09
4.246 1.23532e-09
4.264 1.22936e-09
4.282 1.2234e-09
4.3 1.21745e-09
4.318 1.2115e-09
4.336 1.20556e-09
4.354 1.19963e-09
4.372 1.1937e-09
4.39 1.18777e-09
4.408 1.18186e-09
4.426 1.17595e-09
4.444 1.17005e-09
4.462 1.16415e-09
4.48 1.15826e-09
4.498 1.15239e-09
4.516 1.14652e-09
4.534 1.14065e-09
4.552 1.1348e-09
4.57 1.12896e-09
4.588 1.12312e-09
4.606 1.11729e-09
4.624 1.11148e-09
4.642 1.10567e-09
4.66 1.09988e-09
4.678 1.09409e-09
4.696 1.08831e-09
4.714 1.08255e-09
4.732 1.0768e-09
4.75 1.07105e-09
4.768 1.06532e-09
4.786 1.0596e-09
4.804 1.0539e-09
4.822 1.0482e-09
4.84 1.04252e-09
4.858 1.03685e-09
4.876 1.03119e-09
4.894 1.02554e-09
4.912 1.01991e-09
4.93 1.01429e-09
4.948 1.00869e-09
4.966 1.0031e-09
4.984 9.97519e-10
5.002 9.91955e-10
5.02 9.86406e-10
5.038 9.80871e-10
5.056 9.75351e-10
5.074 9.69846e-10
5.092 9.64356e-10
5.11 9.58881e-10
5.128 9.53421e-10
5.146 9.47977e-10
5.164 9.42549e-10
5.182 9.37136e-10
5.2 9.31739e-10
5.218 9.26359e-10
5.236 9.20995e-10
5.254 9.15648e-10
5.272 9.10317e-10
5.29 9.05003e-10
5.308 8.99707e-10
5.326 8.94427e-10
5.344 8.89165e-10
5.362 8.8392e-10
5.38 8.78693e-10
5.398 8.73483e-10
5.416 8.68291e-10
5.434 8.63118e-10
5.452 8.57963e-10
5.47 8.52825e-10
5.488 8.47707e-10
5.506 8.42607e-10
5.524 8.37526e-10
5.542 8.32463e-10
5.56 8.2742e-10
5.578 8.22395e-10
5.596 8.1739e-10
5.614 8.12404e-10
5.632 8.07437e-10
5.65 8.02491e-10
5.668 7.97563e-10
5.686 7.92656e-10
5.704 7.87768e-10
5.722 7.82901e-10
5.74 7.78053e-10
5.758 7.73226e-10
5.776 7.68419e-10
5.794 7.63633e-10
5.812 7.58866e-10
5.83 7.54121e-10
5.848 7.49396e-10
5.866 7.44692e-10
5.884 7.40009e-10
5.902 7.35347e-10
5.92 7.30706e-10
5.938 7.26086e-10
5.956 7.21487e-10
5.974 7.16909e-10
5.992 7.12353e-10
6.01 7.07818e-10
6.028 7.03305e-10
6.046 6.98813e-10
6.064 6.94343e-10
6.082 6.89895e-10
6.1 6.85468e-10
6.118 6.81064e-10
6.136 6.76681e-10
6.154 6.7232e-10
6.172 6.67981e-10
6.19 6.63664e-10
6.208 6.5937e-10
6.226 6.55097e-10
6.244 6.50847e-10
6.262 6.46619e-10
6.28 6.42413e-10
6.298 6.3823e-10
6.316 6.34069e-10
6.334 6.2993e-10
6.352 6.25814e-10
6.37 6.21721e-10
6.388 6.1765e-10
6.406 6.13602e-10
6.424 6.09576e-10
6.442 6.05573e-10
6.46 6.01593e-10
6.478 5.97635e-10
6.496 5.937e-10
6.514 5.89788e-10
6.532 5.85899e-10
6.55 5.82033e-10
6.568 5.78189e-10
6.586 5.74368e-10
6.604 5.70571e-10
6.622 5.66796e-10
6.64 5.63044e-10
6.658 5.59315e-10
6.676 5.55609e-10
6.694 5.51925e-10
6.712 5.48265e-10
6.73 5.44628e-10
6.748 5.41014e-10
6.766 5.37422e-10
6.784 5.33854e-10
6.802 5.30309e-10
6.82 5.26786e-10
6.838 5.23287e-10
6.856 5.19811e-10
6.874 5.16357e-10
6.892 5.12927e-10
6.91 5.09519e-10
6.928 5.06135e-10
6.946 5.02773e-10
6.964 4.99435e-10
6.982 4.96119e-10
7 4.92827e-10
7.018 4.89557e-10
7.036 4.8631e-10
7.054 4.83086e-10
7.072 4.79885e-10
7.09 4.76707e-10
7.108 4.73552e-10
7.126 4.70419e-10
7.144 4.67309e-10
7.162 4.64223e-10
7.18 4.61159e-10
7.198 4.58117e-10
7.216 4.55099e-10
7.234 4.52103e-10
7.252 4.49129e-10
7.27 4.46179e-10
7.288 4.43251e-10
7.306 4.40346e-10
7.324 4.37463e-10
7.342 4.34603e-10
7.36 4.31765e-10
7.378 4.2895e-10
7.396 4.26157e-10
7.414 4.23387e-10
7.432 4.20639e-10
7.45 4.17913e-10
7.468 4.1521e-10
7.486 4.12529e-10
7.504 4.09871e-10
7.522 4.07234e-10
7.54 4.0462e-10
7.558 4.02028e-10
7.576 3.99458e-10
7.594 3.9691e-10
7.612 3.94385e-10
7.63 3.91881e-10
7.648 3.89399e-10
7.666 3.86939e-10
7.684 3.84501e-10
7.702 3.82085e-10
7.72 3.79691e-10
7.738 3.77318e-10
7.756 3.74967e-10
7.774 3.72638e-10
7.792 3.70331e-10
7.81 3.68045e-10
7.828 3.65781e-10
7.846 3.63538e-10
7.864 3.61316e-10
7.882 3.59116e-10
7.9 3.56938e-10
7.918 3.54781e-10
7.936 3.52645e-10
7.954 3.5053e-10
7.972 3.48436e-10
7.99 3.46364e-10
8.008 3.44313e-10
8.026 3.42283e-10
8.044 3.40273e-10
8.062 3.38285e-10
8.08 3.36318e-10
8.098 3.34371e-10
8.116 3.32446e-10
8.134 3.30541e-10
8.152 3.28657e-10
8.17 3.26793e-10
8.188 3.2495e-10
8.206 3.23128e-10
8.224 3.21326e-10
8.242 3.19545e-10
8.26 3.17784e-10
8.278 3.16044e-10
8.296 3.14323e-10
8.314 3.12624e-10
8.332 3.10944e-10
8.35 3.09285e-10
8.368 3.07645e-10
8.386 3.06026e-10
8.404 3.04427e-10
8.422 3.02847e-10
8.44 3.01288e-10
8.458 2.99749e-10
8.476 2.98229e-10
8.494 2.96729e-10
8.512 2.95249e-10
8.53 2.93789e-10
8.548 2.92348e-10
8.566 2.90927e-10
8.584 2.89525e-10
8.602 2.88143e-10
8.62 2.8678e-10
8.638 2.85437e-10
8.656 2.84112e-10
8.674 2.82808e-10
8.692 2.81522e-10
8.71 2.80256e-10
8.728 2.79008e-10
8.746 2.7778e-10
8.764 2.76571e-10
8.782 2.7538e-10
8.8 2.74209e-10
8.818 2.73056e-10
8.836 2.71923e-10
8.854 2.70808e-10
8.872 2.69711e-10
8.89 2.68634e-10
8.908 2.67575e-10
8.926 2.66534e-10
8.944 2.65512e-10
8.962 2.64509e-10
8.98 2.63524e-10
8.998 2.62557e-10
9.016 2.61609e-10
9.034 2.60678e-10
9.052 2.59766e-10
9.07 2.58872e-10
9.088 2.57996e-10
9.106 2.57139e-10
9.124 2.56299e-10
9.142 2.55477e-10
9.16 2.54673e-10
9.178 2.53887e-10
9.196 2.53118e-10
9.214 2.52368e-10
9.232 2.51635e-10
9.25 2.50919e-10
9.268 2.50221e-10
9.286 2.49541e-10
9.304 2.48878e-10
9.322 2.48233e-10
9.34 2.47605e-10
9.358 2.46994e-10
9.376 2.464e-10
9.394 2.45824e-10
9.412 2.45264e-10
9.43 2.44722e-10
9.448 2.44197e-10
9.466 2.43689e-10
9.484 2.43197e-10
9.502 2.42723e-10
9.52 2.42265e-10
9.538 2.41824e-10
9.556 2.414e-10
9.574 2.40993e-10
9.592 2.40602e-10
9.61 2.40227e-10
9.628 2.39869e-10
9.646 2.39528e-10
9.664 2.39202e-10
9.682 2.38893e-10
9.7 2.38601e-10
9.718 2.38324e-10
9.736 2.38064e-10
9.754 2.37819e-10
9.772 2.37591e-10
9.79 2.37378e-10
9.808 2.37182e-10
9.826 2.37001e-10
9.844 2.36836e-10
9.862 2.36687e-10
9.88 2.36553e-10
9.898 2.36435e-10
9.916 2.36333e-10
9.934 2.36246e-10
9.952 2.36174e-10
9.97 2.36117e-10
9.988 2.36076e-10
10.006 2.3605e-10
10.024 2.36039e-10
10.042 2.36044e-10
10.06 2.36063e-10
10.078 2.36097e-10
10.096 2.36146e-10
10.114 2.3621e-10
10.132 2.36288e-10
10.15 2.36381e-10
10.168 2.36489e-10
10.186 2.36611e-10
10.204 2.36748e-10
10.222 2.36899e-10
10.24 2.37064e-10
10.258 2.37244e-10
10.276 2.37438e-10
10.294 2.37645e-10
10.312 2.37867e-10
10.33 2.38103e-10
10.348 2.38352e-10
10.366 2.38616e-10
10.384 2.38893e-10
10.402 2.39183e-10
10.42 2.39487e-10
10.438 2.39805e-10
10.456 2.40136e-10
10.474 2.4048e-10
10.492 2.40837e-10
10.51 2.41208e-10
10.528 2.41592e-10
10.546 2.41988e-10
10.564 2.42397e-10
10.582 2.4282e-10
10.6 2.43254e-10
10.618 2.43702e-10
10.636 2.44162e-10
10.654 2.44634e-10
10.672 2.45119e-10
10.69 2.45616e-10
10.708 2.46125e-10
10.726 2.46646e-10
10.744 2.47179e-10
10.762 2.47724e-10
10.78 2.48281e-10
10.798 2.48849e-10
10.816 2.49429e-10
10.834 2.50021e-10
10.852 2.50624e-10
10.87 2.51238e-10
10.888 2.51863e-10
10.906 2.52499e-10
10.924 2.53146e-10
10.942 2.53804e-10
10.96 2.54473e-10
10.978 2.55153e-10
10.996 2.55843e-10
11.014 2.56543e-10
11.032 2.57254e-10
11.05 2.57975e-10
11.068 2.58706e-10
11.086 2.59447e-10
11.104 2.60197e-10
11.122 2.60958e-10
11.14 2.61728e-10
11.158 2.62508e-10
11.176 2.63297e-10
11.194 2.64095e-10
11.212 2.64903e-10
11.23 2.65719e-10
11.248 2.66544e-10
11.266 2.67378e-10
11.284 2.68221e-10
11.302 2.69073e-10
11.32 2.69932e-10
11.338 2.708e-10
11.356 2.71676e-10
11.374 2.7256e-10
11.392 2.73452e-10
11.41 2.74352e-10
11.428 2.75259e-10
11.446 2.76174e-10
11.464 2.77096e-10
11.482 2.78025e-10
11.5 2.78962e-10
11.518 2.79905e-10
11.536 2.80855e-10
11.554 2.81811e-10
11.572 2.82775e-10
11.59 2.83744e-10
11.608 2.8472e-10
11.626 2.85701e-10
11.644 2.86689e-10
11.662 2.87682e-10
11.68 2.88681e-10
11.698 2.89686e-10
11.716 2.90696e-10
11.734 2.9171e-10
11.752 2.9273e-10
11.77 2.93755e-10
11.788 2.94785e-10
11.806 2.95819e-10
11.824 2.96857e-10
11.842 2.979e-10
11.86 2.98946e-10
11.878 2.99997e-10
11.896 3.01051e-10
11.914 3.02109e-10
11.932 3.0317e-10
11.95 3.04235e-10
11.968 3.05303e-10
11.986 3.06373e-10
12.004 3.07447e-10
12.022 3.08523e-10
12.04 3.09601e-10
12.058 3.10682e-10
12.076 3.11764e-10
12.094 3.12849e-10
12.112 3.13935e-10
12.13 3.15023e-10
12.148 3.16113e-10
12.166 3.17203e-10
12.184 3.18295e-10
12.202 3.19387e-10
12.22 3.2048e-10
12.238 3.21574e-10
12.256 3.22668e-10
12.274 3.23763e-10
12.292 3.24857e-10
12.31 3.25951e-10
12.328 3.27045e-10
12.346 3.28138e-10
12.364 3.2923e-10
12.382 3.30322e-10
12.4 3.31412e-10
12.418 3.32501e-10
12.436 3.33589e-10
12.454 3.34675e-10
12.472 3.35759e-10
12.49 3.36842e-10
12.508 3.37922e-10
12.526 3.38999e-10
12.544 3.40074e-10
12.562 3.41147e-10
12.58 3.42216e-10
12.598 3.43283e-10
12.616 3.44346e-10
12.634 3.45405e-10
12.652 3.46461e-10
12.67 3.47513e-10
12.688 3.48561e-10
12.706 3.49605e-10
12.724 3.50644e-10
12.742 3.51679e-10
12.76 3.52709e-10
12.778 3.53734e-10
12.796 3.54754e-10
12.814 3.55768e-10
12.832 3.56777e-10
12.85 3.5778e-10
12.868 3.58777e-10
12.886 3.59768e-10
12.904 3.60753e-10
12.922 3.61731e-10
12.94 3.62703e-10
12.958 3.63668e-10
12.976 3.64625e-10
12.994 3.65576e-10
13.012 3.66519e-10
13.03 3.67455e-10
13.048 3.68382e-10
13.066 3.69302e-10
13.084 3.70214e-10
13.102 3.71117e-10
13.12 3.72012e-10
13.138 3.72898e-10
13.156 3.73775e-10
13.174 3.74643e-10
13.192 3.75502e-10
13.21 3.76351e-10
13.228 3.77191e-10
13.246 3.78021e-10
13.264 3.78841e-10
13.282 3.79651e-10
13.3 3.80451e-10
13.318 3.8124e-10
13.336 3.82018e-10
13.354 3.82786e-10
13.372 3.83542e-10
13.39 3.84288e-10
13.408 3.85022e-10
13.426 3.85744e-10
13.444 3.86455e-10
13.462 3.87154e-10
13.48 3.87841e-10
13.498 3.88516e-10
13.516 3.89178e-10
13.534 3.89828e-10
13.552 3.90465e-10
13.57 3.91089e-10
13.588 3.917e-10
13.606 3.92298e-10
13.624 3.92883e-10
13.642 3.93454e-10
13.66 3.94012e-10
13.678 3.94556e-10
13.696 3.95086e-10
13.714 3.95601e-10
13.732 3.96103e-10
13.75 3.9659e-10
13.768 3.97063e-10
13.786 3.9752e-10
13.804 3.97964e-10
13.822 3.98392e-10
13.84 3.98805e-10
13.858 3.99202e-10
13.876 3.99585e-10
13.894 3.99952e-10
13.912 4.00303e-10
13.93 4.00638e-10
13.948 4.00958e-10
13.966 4.01261e-10
13.984 4.01549e-10
14.002 4.0182e-10
14.02 4.02074e-10
14.038 4.02312e-10
14.056 4.02534e-10
14.074 4.02739e-10
14.092 4.02927e-10
14.11 4.03098e-10
14.128 4.03251e-10
14.146 4.03388e-10
14.164 4.03507e-10
14.182 4.03609e-10
14.2 4.03694e-10
14.218 4.03761e-10
14.236 4.0381e-10
14.254 4.03842e-10
14.272 4.03855e-10
14.29 4.03851e-10
14.308 4.03829e-10
14.326 4.03788e-10
14.344 4.03729e-10
14.362 4.03653e-10
14.38 4.03557e-10
14.398 4.03444e-10
14.416 4.03311e-10
14.434 4.03161e-10
14.452 4.02991e-10
14.47 4.02803e-10
14.488 4.02596e-10
14.506 4.02371e-10
14.524 4.02126e-10
14.542 4.01863e-10
14.56 4.01581e-10
14.578 4.01279e-10
14.596 4.00959e-10
14.614 4.00619e-10
14.632 4.00261e-10
14.65 3.99883e-10
14.668 3.99486e-10
14.686 3.9907e-10
14.704 3.98634e-10
14.722 3.9818e-10
14.74 3.97706e-10
14.758 3.97213e-10
14.776 3.967e-10
14.794 3.96168e-10
14.812 3.95617e-10
14.83 3.95046e-10
14.848 3.94456e-10
14.866 3.93847e-10
14.884 3.93218e-10
14.902 3.9257e-10
14.92 3.91903e-10
14.938 3.91216e-10
14.956 3.9051e-10
14.974 3.89785e-10
14.992 3.8904e-10
15.01 3.88276e-10
15.028 3.87493e-10
15.046 3.86691e-10
15.064 3.8587e-10
15.082 3.85029e-10
15.1 3.8417e-10
15.118 3.83291e-10
15.136 3.82393e-10
15.154 3.81477e-10
15.172 3.80542e-10
15.19 3.79587e-10
15.208 3.78614e-10
15.226 3.77623e-10
15.244 3.76612e-10
15.262 3.75583e-10
15.28 3.74536e-10
15.298 3.7347e-10
15.316 3.72386e-10
15.334 3.71283e-10
15.352 3.70162e-10
15.37 3.69024e-10
15.388 3.67867e-10
15.406 3.66692e-10
15.424 3.65499e-10
15.442 3.64289e-10
15.46 3.63061e-10
15.478 3.61816e-10
15.496 3.60553e-10
15.514 3.59273e-10
15.532 3.57975e-10
15.55 3.56661e-10
15.568 3.55329e-10
15.586 3.53981e-10
15.604 3.52616e-10
15.622 3.51235e-10
15.64 3.49837e-10
15.658 3.48423e-10
15.676 3.46992e-10
15.694 3.45546e-10
15.712 3.44083e-10
15.73 3.42605e-10
15.748 3.41112e-10
15.766 3.39603e-10
15.784 3.38078e-10
15.802 3.36539e-10
15.82 3.34985e-10
15.838 3.33415e-10
15.856 3.31832e-10
15.874 3.30233e-10
15.892 3.28621e-10
15.91 3.26994e-10
15.928 3.25354e-10
15.946 3.237e-10
15.964 3.22032e-10
15.982 3.20351e-10
16 3.18656e-10
16.018 3.16949e-10
16.036 3.15229e-10
16.054 3.13496e-10
16.072 3.11751e-10
16.09 3.09994e-10
16.108 3.08225e-10
16.126 3.06444e-10
16.144 3.04651e-10
16.162 3.02847e-10
16.18 3.01032e-10
16.198 2.99206e-10
16.216 2.97369e-10
16.234 2.95522e-10
16.252 2.93664e-10
16.27 2.91797e-10
16.288 2.8992e-10
16.306 2.88033e-10
16.324 2.86137e-10
16.342 2.84231e-10
16.36 2.82317e-10
16.378 2.80394e-10
16.396 2.78463e-10
16.414 2.76524e-10
16.432 2.74577e-10
16.45 2.72622e-10
16.468 2.70659e-10
16.486 2.6869e-10
16.504 2.66714e-10
16.522 2.64731e-10
16.54 2.62741e-10
16.558 2.60746e-10
16.576 2.58745e-10
16.594 2.56738e-10
16.612 2.54725e-10
16.63 2.52708e-10
16.648 2.50686e-10
16.666 2.48659e-10
16.684 2.46628e-10
16.702 2.44593e-10
16.72 2.42554e-10
16.738 2.40512e-10
16.756 2.38466e-10
16.774 2.36418e-10
16.792 2.34367e-10
16.81 2.32314e-10
16.828 2.30258e-10
16.846 2.28201e-10
16.864 2.26142e-10
16.882 2.24082e-10
16.9 2.22022e-10
16.918 2.1996e-10
16.936 2.17898e-10
16.954 2.15836e-10
16.972 2.13774e-10
16.99 2.11712e-10
17.008 2.09652e-10
17.026 2.07592e-10
17.044 2.05534e-10
17.062 2.03477e-10
17.08 2.01422e-10
17.098 1.99369e-10
17.116 1.97319e-10
17.134 1.95272e-10
17.152 1.93227e-10
17.17 1.91187e-10
17.188 1.89149e-10
17.206 1.87116e-10
17.224 1.85087e-10
17.242 1.83062e-10
17.26 1.81042e-10
17.278 1.79027e-10
17.296 1.77018e-10
17.314 1.75014e-10
17.332 1.73017e-10
17.35 1.71025e-10
17.368 1.6904e-10
17.386 1.67062e-10
17.404 1.65091e-10
17.422 1.63128e-10
17.44 1.61172e-10
17.458 1.59224e-10
17.476 1.57284e-10
17.494 1.55353e-10
17.512 1.53431e-10
17.53 1.51518e-10
17.548 1.49614e-10
17.566 1.4772e-10
17.584 1.45836e-10
17.602 1.43962e-10
17.62 1.42099e-10
17.638 1.40246e-10
17.656 1.38405e-10
17.674 1.36575e-10
17.692 1.34757e-10
17.71 1.3295e-10
17.728 1.31156e-10
17.746 1.29374e-10
17.764 1.27605e-10
17.782 1.25848e-10
17.8 1.24105e-10
17.818 1.22376e-10
17.836 1.2066e-10
17.854 1.18959e-10
17.872 1.17271e-10
17.89 1.15598e-10
17.908 1.1394e-10
17.926 1.12297e-10
17.944 1.1067e-10
17.962 1.09057e-10
17.98 1.07461e-10
17.998 1.05881e-10
18.016 1.04317e-10
18.034 1.02769e-10
18.052 1.01239e-10
18.07 9.9725e-11
18.088 9.82285e-11
18.106 9.67495e-11
18.124 9.52881e-11
18.142 9.38447e-11
18.16 9.24195e-11
18.178 9.10126e-11
18.196 8.96243e-11
18.214 8.82548e-11
18.232 8.69043e-11
18.25 8.5573e-11
18.268 8.42611e-11
18.286 8.29689e-11
18.304 8.16966e-11
18.322 8.04442e-11
18.34 7.92121e-11
18.358 7.80005e-11
18.376 7.68094e-11
18.394 7.56391e-11
18.412 7.44899e-11
18.43 7.33618e-11
18.448 7.2255e-11
18.466 7.11698e-11
18.484 7.01062e-11
18.502 6.90646e-11
18.52 6.80449e-11
18.538 6.70474e-11
18.556 6.60723e-11
18.574 6.51196e-11
18.592 6.41896e-11
18.61 6.32824e-11
18.628 6.23981e-11
18.646 6.15369e-11
18.664 6.0699e-11
18.682 5.98843e-11
18.7 5.90932e-11
18.718 5.83256e-11
18.736 5.75818e-11
18.754 5.68618e-11
18.772 5.61657e-11
18.79 5.54937e-11
18.808 5.48459e-11
18.826 5.42223e-11
18.844 5.36232e-11
18.862 5.30484e-11
18.88 5.24983e-11
18.898 5.19727e-11
18.916 5.14719e-11
18.934 5.09959e-11
18.952 5.05448e-11
18.97 5.01186e-11
18.988 4.97175e-11
19.006 4.93414e-11
19.024 4.89904e-11
19.042 4.86646e-11
19.06 4.83641e-11
19.078 4.80888e-11
19.096 4.78388e-11
19.114 4.76143e-11
19.132 4.7415e-11
19.15 4.72413e-11
19.168 4.70929e-11
19.186 4.697e-11
19.204 4.68726e-11
19.222 4.68007e-11
19.24 4.67542e-11
19.258 4.67333e-11
19.276 4.67378e-11
19.294 4.67679e-11
19.312 4.68234e-11
19.33 4.69043e-11
19.348 4.70107e-11
19.366 4.71425e-11
19.384 4.72997e-11
19.402 4.74823e-11
19.42 4.76901e-11
19.438 4.79233e-11
19.456 4.81816e-11
19.474 4.84652e-11
19.492 4.87738e-11
19.51 4.91075e-11
19.528 4.94662e-11
19.546 4.98498e-11
19.564 5.02583e-11
19.582 5.06915e-11
19.6 5.11495e-11
19.618 5.1632e-11
19.636 5.21391e-11
19.654 5.26706e-11
19.672 5.32263e-11
19.69 5.38063e-11
19.708 5.44105e-11
19.726 5.50386e-11
19.744 5.56905e-11
19.762 5.63662e-11
19.78 5.70656e-11
19.798 5.77884e-11
19.816 5.85346e-11
19.834 5.93041e-11
19.852 6.00966e-11
19.87 6.0912e-11
19.888 6.17502e-11
19.906 6.2611e-11
19.924 6.34943e-11
19.942 6.43998e-11
19.96 6.53275e-11
19.978 6.62772e-11
19.996 6.72486e-11
20.014 6.82416e-11
20.032 6.9256e-11
20.05 7.02916e-11
20.068 7.13483e-11
20.086 7.24258e-11
20.104 7.35239e-11
20.122 7.46424e-11
20.14 7.57811e-11
20.158 7.69398e-11
20.176 7.81182e-11
20.194 7.93163e-11
20.212 8.05336e-11
20.23 8.177e-11
20.248 8.30253e-11
20.266 8.42993e-11
20.284 8.55916e-11
20.302 8.6902e-11
20.32 8.82303e-11
20.338 8.95763e-11
20.356 9.09396e-11
20.374 9.23201e-11
20.392 9.37174e-11
20.41 9.51314e-11
20.428 9.65616e-11
20.446 9.80079e-11
20.464 9.947e-11
20.482 1.00948e-10
20.5 1.0244e-10
20.518 1.03948e-10
20.536 1.0547e-10
20.554 1.07007e-10
20.572 1.08558e-10
20.59 1.10122e-10
20.608 1.117e-10
20.626 1.13291e-10
20.644 1.14895e-10
20.662 1.16512e-10
20.68 1.1814e-10
20.698 1.19781e-10
20.716 1.21433e-10
20.734 1.23096e-10
20.752 1.24771e-10
20.77 1.26456e-10
20.788 1.28151e-10
20.806 1.29856e-10
20.824 1.31571e-10
20.842 1.33295e-10
20.86 1.35028e-10
20.878 1.36769e-10
20.896 1.38519e-10
20.914 1.40277e-10
20.932 1.42042e-10
20.95 1.43815e-10
20.968 1.45594e-10
20.986 1.4738e-10
21.004 1.49172e-10
21.022 1.5097e-10
21.04 1.52774e-10
21.058 1.54582e-10
21.076 1.56395e-10
21.094 1.58213e-10
21.112 1.60034e-10
21.13 1.61859e-10
21.148 1.63688e-10
21.166 1.65519e-10
21.184 1.67353e-10
21.202 1.69189e-10
21.22 1.71027e-10
21.238 1.72866e-10
21.256 1.74706e-10
21.274 1.76547e-10
21.292 1.78388e-10
21.31 1.80229e-10
21.328 1.8207e-10
21.346 1.8391e-10
21.364 1.85748e-10
21.382 1.87585e-10
21.4 1.8942e-10
21.418 1.91253e-10
21.436 1.93083e-10
21.454 1.9491e-10
21.472 1.96734e-10
21.49 1.98553e-10
21.508 2.00368e-10
21.526 2.02179e-10
21.544 2.03985e-10
21.562 2.05785e-10
21.58 2.0758e-10
21.598 2.09369e-10
21.616 2.11151e-10
21.634 2.12926e-10
21.652 2.14694e-10
21.67 2.16454e-10
21.688 2.18206e-10
21.706 2.1995e-10
21.724 2.21685e-10
21.742 2.23411e-10
21.76 2.25128e-10
21.778 2.26835e-10
21.796 2.28531e-10
21.814 2.30217e-10
21.832 2.31892e-10
21.85 2.33556e-10
21.868 2.35208e-10
21.886 2.36848e-10
21.904 2.38475e-10
21.922 2.4009e-10
21.94 2.41692e-10
21.958 2.4328e-10
21.976 2.44854e-10
21.994 2.46415e-10
22.012 2.47961e-10
22.03 2.49492e-10
22.048 2.51007e-10
22.066 2.52508e-10
22.084 2.53992e-10
22.102 2.5546e-10
22.12 2.56912e-10
22.138 2.58347e-10
22.156 2.59765e-10
22.174 2.61165e-10
22.192 2.62547e-10
22.21 2.63911e-10
22.228 2.65257e-10
22.246 2.66584e-10
22.264 2.67892e-10
22.282 2.6918e-10
22.3 2.70449e-10
22.318 2.71698e-10
22.336 2.72927e-10
22.354 2.74134e-10
22.372 2.75322e-10
22.39 2.76488e-10
22.408 2.77632e-10
22.426 2.78755e-10
22.444 2.79856e-10
22.462 2.80934e-10
22.48 2.81991e-10
22.498 2.83024e-10
22.516 2.84034e-10
22.534 2.85021e-10
22.552 2.85985e-10
22.57 2.86924e-10
22.588 2.8784e-10
22.606 2.88732e-10
22.624 2.89599e-10
22.642 2.90441e-10
22.66 2.91258e-10
22.678 2.9205e-10
22.696 2.92817e-10
22.714 2.93558e-10
22.732 2.94274e-10
22.75 2.94963e-10
22.768 2.95627e-10
22.786 2.96264e-10
22.804 2.96874e-10
22.822 2.97458e-10
22.84 2.98015e-10
22.858 2.98545e-10
22.876 2.99047e-10
22.894 2.99522e-10
22.912 2.9997e-10
22.93 3.0039e-10
22.948 3.00782e-10
22.966 3.01147e-10
22.984 3.01483e-10
23.002 3.01791e-10
23.02 3.02071e-10
23.038 3.02322e-10
23.056 3.02545e-10
23.074 3.02739e-10
23.092 3.02904e-10
23.11 3.03041e-10
23.128 3.03148e-10
23.146 3.03227e-10
23.164 3.03277e-10
23.182 3.03297e-10
23.2 3.03288e-10
23.218 3.0325e-10
23.236 3.03183e-10
23.254 3.03087e-10
23.272 3.02961e-10
23.29 3.02805e-10
23.308 3.02621e-10
23.326 3.02407e-10
23.344 3.02163e-10
23.362 3.0189e-10
23.38 3.01588e-10
23.398 3.01256e-10
23.416 3.00894e-10
23.434 3.00504e-10
23.452 3.00084e-10
23.47 2.99634e-10
23.488 2.99156e-10
23.506 2.98648e-10
23.524 2.9811e-10
23.542 2.97544e-10
23.56 2.96949e-10
23.578 2.96325e-10
23.596 2.95671e-10
23.614 2.94989e-10
23.632 2.94279e-10
23.65 2.93539e-10
23.668 2.92771e-10
23.686 2.91975e-10
23.704 2.9115e-10
23.722 2.90297e-10
23.74 2.89417e-10
23.758 2.88508e-10
23.776 2.87571e-10
23.794 2.86607e-10
23.812 2.85616e-10
23.83 2.84597e-10
23.848 2.83551e-10
23.866 2.82478e-10
23.884 2.81378e-10
23.902 2.80252e-10
23.92 2.79099e-10
23.938 2.7792e-10
23.956 2.76715e-10
23.974 2.75485e-10
23.992 2.74229e-10
24.01 2.72947e-10
24.028 2.71641e-10
24.046 2.7031e-10
24.064 2.68954e-10
24.082 2.67574e-10
24.1 2.6617e-10
24.118 2.64742e-10
24.136 2.6329e-10
24.154 2.61815e-10
24.172 2.60317e-10
24.19 2.58797e-10
24.208 2.57254e-10
24.226 2.55689e-10
24.244 2.54102e-10
24.262 2.52494e-10
24.28 2.50865e-10
24.298 2.49215e-10
24.316 2.47544e-10
24.334 2.45853e-10
24.352 2.44142e-10
24.37 2.42412e-10
24.388 2.40663e-10
24.406 2.38895e-10
24.424 2.37108e-10
24.442 2.35304e-10
24.46 2.33482e-10
24.478 2.31642e-10
24.496 2.29786e-10
24.514 2.27913e-10
24.532 2.26024e-10
24.55 2.24119e-10
24.568 2.22199e-10
24.586 2.20263e-10
24.604 2.18314e-10
24.622 2.1635e-10
24.64 2.14373e-10
24.658 2.12382e-10
24.676 2.10379e-10
24.694 2.08363e-10
24.712 2.06335e-10
24.73 2.04296e-10
24.748 2.02245e-10
24.766 2.00184e-10
24.784 1.98113e-10
24.802 1.96032e-10
24.82 1.93942e-10
24.838 1.91843e-10
24.856 1.89736e-10
24.874 1.87621e-10
24.892 1.85498e-10
24.91 1.83369e-10
24.928 1.81233e-10
24.946 1.79092e-10
24.964 1.76945e-10
24.982 1.74792e-10
25 1.72636e-10
25.018 1.70475e-10
25.036 1.68312e-10
25.054 1.66145e-10
25.072 1.63975e-10
25.09 1.61804e-10
25.108 1.59631e-10
25.126 1.57457e-10
25.144 1.55283e-10
25.162 1.53109e-10
25.18 1.50936e-10
25.198 1.48763e-10
25.216 1.46593e-10
25.234 1.44424e-10
25.252 1.42258e-10
25.27 1.40095e-10
25.288 1.37936e-10
25.306 1.35782e-10
25.324 1.33631e-10
25.342 1.31487e-10
25.36 1.29348e-10
25.378 1.27215e-10
25.396 1.25089e-10
25.414 1.22971e-10
25.432 1.2086e-10
25.45 1.18758e-10
25.468 1.16665e-10
25.486 1.14581e-10
25.504 1.12508e-10
25.522 1.10444e-10
25.54 1.08392e-10
25.558 1.06352e-10
25.576 1.04323e-10
25.594 1.02307e-10
25.612 1.00305e-10
25.63 9.83156e-11
25.648 9.63407e-11
25.666 9.43804e-11
25.684 9.24353e-11
25.702 9.05059e-11
25.72 8.85927e-11
25.738 8.66962e-11
25.756 8.4817e-11
25.774 8.29554e-11
25.792 8.11121e-11
25.81 7.92874e-11
25.828 7.7482e-11
25.846 7.56963e-11
25.864 7.39307e-11
25.882 7.21858e-11
25.9 7.04621e-11
25.918 6.876e-11
25.936 6.708e-11
25.954 6.54225e-11
25.972 6.37881e-11
25.99 6.21772e-11
26.008 6.05903e-11
26.026 5.90278e-11
26.044 5.74901e-11
26.062 5.59778e-11
26.08 5.44912e-11
26.098 5.30308e-11
26.116 5.1597e-11
26.134 5.01903e-11
26.152 4.8811e-11
26.17 4.74596e-11
26.188 4.61366e-11
26.206 4.48422e-11
26.224 4.3577e-11
26.242 4.23412e-11
26.26 4.11354e-11
26.278 3.99598e-11
26.296 3.88149e-11
26.314 3.7701e-11
26.332 3.66185e-11
26.35 3.55677e-11
26.368 3.4549e-11
26.386 3.35628e-11
26.404 3.26093e-11
26.422 3.1689e-11
26.44 3.08021e-11
26.458 2.9949e-11
26.476 2.91299e-11
26.494 2.83453e-11
26.512 2.75952e-11
26.53 2.68802e-11
26.548 2.62003e-11
26.566 2.5556e-11
26.584 2.49475e-11
26.602 2.4375e-11
26.62 2.38387e-11
26.638 2.3339e-11
26.656 2.28761e-11
26.674 2.24502e-11
26.692 2.20614e-11
26.71 2.17101e-11
26.728 2.13963e-11
26.746 2.11204e-11
26.764 2.08824e-11
26.782 2.06826e-11
26.8 2.05212e-11
26.818 2.03982e-11
26.836 2.03138e-11
26.854 2.02682e-11
26.872 2.02614e-11
26.89 2.02937e-11
26.908 2.03651e-11
26.926 2.04758e-11
26.944 2.06257e-11
26.962 2.0815e-11
26.98 2.10438e-11
26.998 2.13122e-11
27.016 2.16201e-11
27.034 2.19676e-11
27.052 2.23548e-11
27.07 2.27817e-11
27.088 2.32482e-11
27.106 2.37545e-11
27.124 2.43004e-11
27.142 2.48861e-11
27.16 2.55113e-11
27.178 2.61762e-11
27.196 2.68807e-11
27.214 2.76246e-11
27.232 2.8408e-11
27.25 2.92308e-11
27.268 3.00928e-11
27.286 3.0994e-11
27.304 3.19343e-11
27.322 3.29135e-11
27.34 3.39315e-11
27.358 3.49882e-11
27.376 3.60835e-11
27.394 3.72171e-11
27.412 3.83889e-11
27.43 3.95987e-11
27.448 4.08464e-11
27.466 4.21317e-11
27.484 4.34543e-11
27.502 4.48142e-11
27.52 4.6211e-11
27.538 4.76446e-11
27.556 4.91146e-11
27.574 5.06208e-11
27.592 5.21629e-11
27.61 5.37407e-11
27.628 5.53538e-11
27.646 5.70019e-11
27.664 5.86847e-11
27.682 6.0402e-11
27.7 6.21533e-11
27.718 6.39383e-11
27.736 6.57567e-11
27.754 6.76081e-11
27.772 6.94921e-11
27.79 7.14083e-11
27.808 7.33564e-11
27.826 7.53359e-11
27.844 7.73464e-11
27.862 7.93875e-11
27.88 8.14588e-11
27.898 8.35598e-11
27.916 8.569e-11
27.934 8.78491e-11
27.952 9.00365e-11
27.97 9.22517e-11
27.988 9.44944e-11
28.006 9.67638e-11
28.024 9.90597e-11
28.042 1.01381e-10
28.06 1.03728e-10
28.078 1.061e-10
28.096 1.08496e-10
28.114 1.10916e-10
28.132 1.13359e-10
28.15 1.15824e-10
28.168 1.18312e-10
28.186 1.20821e-10
28.204 1.2335e-10
28.222 1.259e-10
28.24 1.2847e-10
28.258 1.31058e-10
28.276 1.33665e-10
28.294 1.3629e-10
28.312 1.38931e-10
28.33 1.4159e-10
28.348 1.44264e-10
28.366 1.46953e-10
28.384 1.49657e-10
28.402 1.52374e-10
28.42 1.55105e-10
28.438 1.57849e-10
28.456 1.60604e-10
28.474 1.6337e-10
28.492 1.66147e-10
28.51 1.68933e-10
28.528 1.71728e-10
28.546 1.74532e-10
28.564 1.77343e-10
28.582 1.80161e-10
28.6 1.82986e-10
28.618 1.85815e-10
28.636 1.8865e-10
28.654 1.91488e-10
28.672 1.94329e-10
28.69 1.97173e-10
28.708 2.00019e-10
28.726 2.02865e-10
28.744 2.05712e-10
28.762 2.08558e-10
28.78 2.11403e-10
28.798 2.14245e-10
28.816 2.17085e-10
28.834 2.19921e-10
28.852 2.22753e-10
28.87 2.25579e-10
28.888 2.284e-10
28.906 2.31213e-10
28.924 2.3402e-10
28.942 2.36818e-10
28.96 2.39607e-10
28.978 2.42386e-10
28.996 2.45154e-10
29.014 2.47911e-10
29.032 2.50656e-10
29.05 2.53388e-10
29.068 2.56106e-10
29.086 2.5881e-10
29.104 2.61498e-10
29.122 2.64171e-10
29.14 2.66826e-10
29.158 2.69464e-10
29.176 2.72084e-10
29.194 2.74684e-10
29.212 2.77265e-10
29.23 2.79825e-10
29.248 2.82363e-10
29.266 2.84879e-10
29.284 2.87373e-10
29.302 2.89843e-10
29.32 2.92288e-10
29.338 2.94708e-10
29.356 2.97102e-10
29.374 2.9947e-10
29.392 3.0181e-10
29.41 3.04123e-10
29.428 3.06406e-10
29.446 3.0866e-10
29.464 3.10884e-10
29.482 3.13077e-10
29.5 3.15239e-10
29.518 3.17368e-10
29.536 3.19464e-10
29.554 3.21527e-10
29.572 3.23555e-10
29.59 3.25548e-10
29.608 3.27506e-10
29.626 3.29428e-10
29.644 3.31312e-10
29.662 3.33159e-10
29.68 3.34969e-10
29.698 3.36739e-10
29.716 3.3847e-10
29.734 3.40161e-10
29.752 3.41812e-10
29.77 3.43421e-10
29.788 3.44989e-10
29.806 3.46515e-10
29.824 3.47998e-10
29.842 3.49438e-10
29.86 3.50834e-10
29.878 3.52185e-10
29.896 3.53492e-10
29.914 3.54754e-10
29.932 3.55969e-10
29.95 3.57139e-10
29.968 3.58262e-10
29.986 3.59337e-10
30.004 3.60366e-10
30.022 3.61346e-10
30.04 3.62278e-10
30.058 3.6316e-10
30.076 3.63994e-10
30.094 3.64779e-10
30.112 3.65513e-10
30.13 3.66197e-10
30.148 3.66831e-10
30.166 3.67413e-10
30.184 3.67945e-10
30.202 3.68425e-10
30.22 3.68853e-10
30.238 3.6923e-10
30.256 3.69554e-10
30.274 3.69825e-10
30.292 3.70044e-10
30.31 3.7021e-10
30.328 3.70323e-10
30.346 3.70383e-10
30.364 3.70389e-10
30.382 3.70342e-10
30.4 3.70241e-10
30.418 3.70087e-10
30.436 3.69878e-10
30.454 3.69616e-10
30.472 3.69299e-10
30.49 3.68929e-10
30.508 3.68504e-10
30.526 3.68026e-10
30.544 3.67493e-10
30.562 3.66907e-10
30.58 3.66266e-10
30.598 3.65571e-10
30.616 3.64823e-10
30.634 3.64021e-10
30.652 3.63165e-10
30.67 3.62255e-10
30.688 3.61292e-10
30.706 3.60276e-10
30.724 3.59207e-10
30.742 3.58085e-10
30.76 3.5691e-10
30.778 3.55682e-10
30.796 3.54403e-10
30.814 3.53071e-10
30.832 3.51688e-10
30.85 3.50253e-10
30.868 3.48767e-10
30.886 3.47231e-10
30.904 3.45644e-10
30.922 3.44007e-10
30.94 3.4232e-10
30.958 3.40584e-10
30.976 3.38799e-10
30.994 3.36966e-10
31.012 3.35085e-10
31.03 3.33156e-10
31.048 3.3118e-10
31.066 3.29157e-10
31.084 3.27089e-10
31.102 3.24975e-10
31.12 3.22816e-10
31.138 3.20613e-10
31.156 3.18365e-10
31.174 3.16075e-10
31.192 3.13742e-10
31.21 3.11367e-10
31.228 3.08951e-10
31.246 3.06494e-10
31.264 3.03997e-10
31.282 3.01461e-10
31.3 2.98886e-10
31.318 2.96274e-10
31.336 2.93624e-10
31.354 2.90938e-10
31.372 2.88216e-10
31.39 2.8546e-10
31.408 2.8267e-10
31.426 2.79846e-10
31.444 2.7699e-10
31.462 2.74103e-10
31.48 2.71185e-10
31.498 2.68237e-10
31.516 2.65261e-10
31.534 2.62256e-10
31.552 2.59225e-10
31.57 2.56167e-10
31.588 2.53084e-10
31.606 2.49977e-10
31.624 2.46847e-10
31.642 2.43694e-10
31.66 2.4052e-10
31.678 2.37326e-10
31.696 2.34113e-10
31.714 2.30881e-10
31.732 2.27632e-10
31.75 2.24368e-10
31.768 2.21087e-10
31.786 2.17793e-10
31.804 2.14486e-10
31.822 2.11168e-10
31.84 2.07838e-10
31.858 2.04499e-10
31.876 2.01151e-10
31.894 1.97796e-10
31.912 1.94435e-10
31.93 1.91068e-10
31.948 1.87698e-10
31.966 1.84325e-10
31.984 1.8095e-10
32.002 1.77575e-10
32.02 1.742e-10
32.038 1.70827e-10
32.056 1.67458e-10
32.074 1.64092e-10
32.092 1.60733e-10
32.11 1.5738e-10
32.128 1.54034e-10
32.146 1.50698e-10
32.164 1.47373e-10
32.182 1.44058e-10
32.2 1.40757e-10
32.218 1.3747e-10
32.236 1.34198e-10
32.254 1.30942e-10
32.272 1.27705e-10
32.29 1.24486e-10
32.308 1.21287e-10
32.326 1.1811e-10
32.344 1.14955e-10
32.362 1.11825e-10
32.38 1.08719e-10
32.398 1.0564e-10
32.416 1.02589e-10
32.434 9.95664e-11
32.452 9.65739e-11
32.47 9.36128e-11
32.488 9.06842e-11
32.506 8.77894e-11
32.524 8.49295e-11
32.542 8.21059e-11
32.56 7.93197e-11
32.578 7.65721e-11
32.596 7.38642e-11
32.614 7.11974e-11
32.632 6.85728e-11
32.65 6.59916e-11
32.668 6.34549e-11
32.686 6.09639e-11
32.704 5.85198e-11
32.722 5.61237e-11
32.74 5.37767e-11
32.758 5.14801e-11
32.776 4.92348e-11
32.794 4.70421e-11
32.812 4.4903e-11
32.83 4.28186e-11
32.848 4.079e-11
32.866 3.88183e-11
32.884 3.69045e-11
32.902 3.50497e-11
32.92 3.32548e-11
32.938 3.1521e-11
32.956 2.98492e-11
32.974 2.82405e-11
32.992 2.66957e-11
33.01 2.52158e-11
33.028 2.38018e-11
33.046 2.24547e-11
33.064 2.11753e-11
33.082 1.99646e-11
33.1 1.88234e-11
33.118 1.77525e-11
33.136 1.67529e-11
33.154 1.58254e-11
33.172 1.49707e-11
33.19 1.41897e-11
33.208 1.34831e-11
33.226 1.28518e-11
33.244 1.22963e-11
33.262 1.18175e-11
33.28 1.14161e-11
33.298 1.10926e-11
33.316 1.08478e-11
33.334 1.06824e-11
33.352 1.05968e-11
33.37 1.05917e-11
33.388 1.06677e-11
33.406 1.08252e-11
33.424 1.10649e-11
33.442 1.13872e-11
33.46 1.17926e-11
33.478 1.22816e-11
33.496 1.28544e-11
33.514 1.35117e-11
33.532 1.42537e-11
33.55 1.50807e-11
33.568 1.59932e-11
33.586 1.69914e-11
33.604 1.80756e-11
33.622 1.9246e-11
33.64 2.05029e-11
33.658 2.18464e-11
33.676 2.32767e-11
33.694 2.47939e-11
33.712 2.63983e-11
33.73 2.80897e-11
33.748 2.98684e-11
33.766 3.17344e-11
33.784 3.36876e-11
33.802 3.5728e-11
33.82 3.78555e-11
33.838 4.00702e-11
33.856 4.23718e-11
33.874 4.47603e-11
33.892 4.72354e-11
33.91 4.9797e-11
33.928 5.24448e-11
33.946 5.51786e-11
33.964 5.79981e-11
33.982 6.0903e-11
34 6.38929e-11
34.018 6.69675e-11
34.036 7.01264e-11
34.054 7.3369e-11
34.072 7.66951e-11
34.09 8.0104e-11
34.108 8.35952e-11
34.126 8.71683e-11
34.144 9.08225e-11
34.162 9.45574e-11
34.18 9.83722e-11
34.198 1.02266e-10
34.216 1.06239e-10
34.234 1.1029e-10
34.252 1.14417e-10
34.27 1.18621e-10
34.288 1.229e-10
34.306 1.27254e-10
34.324 1.31682e-10
34.342 1.36183e-10
34.36 1.40755e-10
34.378 1.45399e-10
34.396 1.50112e-10
34.414 1.54894e-10
34.432 1.59744e-10
34.45 1.64661e-10
34.468 1.69644e-10
34.486 1.74691e-10
34.504 1.79801e-10
34.522 1.84974e-10
34.54 1.90207e-10
34.558 1.955e-10
34.576 2.00852e-10
34.594 2.0626e-10
34.612 2.11725e-10
34.63 2.17244e-10
34.648 2.22816e-10
34.666 2.28439e-10
34.684 2.34113e-10
34.702 2.39835e-10
34.72 2.45605e-10
34.738 2.5142e-10
34.756 2.5728e-10
34.774 2.63182e-10
34.792 2.69125e-10
34.81 2.75108e-10
34.828 2.81128e-10
34.846 2.87185e-10
34.864 2.93276e-10
34.882 2.994e-10
34.9 3.05555e-10
34.918 3.1174e-10
34.936 3.17952e-10
34.954 3.2419e-10
34.972 3.30452e-10
34.99 3.36736e-10
35.008 3.43041e-10
35.026 3.49364e-10
35.044 3.55704e-10
35.062 3.62058e-10
35.08 3.68426e-10
35.098 3.74805e-10
35.116 3.81192e-10
35.134 3.87587e-10
35.152 3.93987e-10
35.17 4.0039e-10
35.188 4.06794e-10
35.206 4.13198e-10
35.224 4.19598e-10
35.242 4.25994e-10
35.26 4.32383e-10
35.278 4.38763e-10
35.296 4.45132e-10
35.314 4.51488e-10
35.332 4.57829e-10
35.35 4.64153e-10
35.368 4.70457e-10
35.386 4.7674e-10
35.404 4.83e-10
35.422 4.89234e-10
35.44 4.95441e-10
35.458 5.01618e-10
35.476 5.07762e-10
35.494 5.13873e-10
35.512 5.19948e-10
35.53 5.25985e-10
35.548 5.31981e-10
35.566 5.37935e-10
35.584 5.43844e-10
35.602 5.49707e-10
35.62 5.55521e-10
35.638 5.61284e-10
35.656 5.66994e-10
35.674 5.72649e-10
35.692 5.78247e-10
35.71 5.83785e-10
35.728 5.89262e-10
35.746 5.94676e-10
35.764 6.00025e-10
35.782 6.05306e-10
35.8 6.10517e-10
35.818 6.15657e-10
35.836 6.20723e-10
35.854 6.25714e-10
35.872 6.30627e-10
35.89 6.35461e-10
35.908 6.40213e-10
35.926 6.44882e-10
35.944 6.49465e-10
35.962 6.53962e-10
35.98 6.58369e-10
35.998 6.62685e-10
36.016 6.66908e-10
36.034 6.71037e-10
36.052 6.75069e-10
36.07 6.79003e-10
36.088 6.82836e-10
36.106 6.86568e-10
36.124 6.90197e-10
36.142 6.9372e-10
36.16 6.97137e-10
36.178 7.00445e-10
36.196 7.03644e-10
36.214 7.0673e-10
36.232 7.09703e-10
36.25 7.12562e-10
36.268 7.15305e-10
36.286 7.1793e-10
36.304 7.20436e-10
36.322 7.22821e-10
36.34 7.25085e-10
36.358 7.27226e-10
36.376 7.29242e-10
36.394 7.31133e-10
36.412 7.32897e-10
36.43 7.34533e-10
36.448 7.3604e-10
36.466 7.37417e-10
36.484 7.38662e-10
36.502 7.39776e-10
36.52 7.40756e-10
36.538 7.41602e-10
36.556 7.42313e-10
36.574 7.42888e-10
36.592 7.43327e-10
36.61 7.43628e-10
36.628 7.43791e-10
36.646 7.43816e-10
36.664 7.43701e-10
36.682 7.43446e-10
36.7 7.43051e-10
36.718 7.42515e-10
36.736 7.41838e-10
36.754 7.41019e-10
36.772 7.40058e-10
36.79 7.38955e-10
36.808 7.37709e-10
36.826 7.36321e-10
36.844 7.3479e-10
36.862 7.33117e-10
36.88 7.31301e-10
36.898 7.29342e-10
36.916 7.2724e-10
36.934 7.24997e-10
36.952 7.22611e-10
36.97 7.20083e-10
36.988 7.17413e-10
37.006 7.14603e-10
37.024 7.11652e-10
37.042 7.0856e-10
37.06 7.0533e-10
37.078 7.0196e-10
37.096 6.98451e-10
37.114 6.94806e-10
37.132 6.91023e-10
37.15 6.87105e-10
37.168 6.83052e-10
37.186 6.78864e-10
37.204 6.74544e-10
37.222 6.70092e-10
37.24 6.6551e-10
37.258 6.60798e-10
37.276 6.55958e-10
37.294 6.50991e-10
37.312 6.45899e-10
37.33 6.40683e-10
37.348 6.35345e-10
37.366 6.29887e-10
37.384 6.24309e-10
37.402 6.18614e-10
37.42 6.12803e-10
37.438 6.06879e-10
37.456 6.00843e-10
37.474 5.94698e-10
37.492 5.88444e-10
37.51 5.82085e-10
37.528 5.75623e-10
37.546 5.6906e-10
37.564 5.62398e-10
37.582 5.55639e-10
37.6 5.48786e-10
37.618 5.41842e-10
37.636 5.34808e-10
37.654 5.27689e-10
37.672 5.20485e-10
37.69 5.132e-10
37.708 5.05837e-10
37.726 4.98399e-10
37.744 4.90888e-10
37.762 4.83308e-10
37.78 4.75661e-10
37.798 4.67951e-10
37.816 4.60181e-10
37.834 4.52353e-10
37.852 4.44472e-10
37.87 4.3654e-10
37.888 4.28562e-10
37.906 4.20539e-10
37.924 4.12477e-10
37.942 4.04378e-10
37.96 3.96246e-10
37.978 3.88085e-10
37.996 3.79899e-10
38.014 3.7169e-10
38.032 3.63464e-10
38.05 3.55223e-10
38.068 3.46972e-10
38.086 3.38716e-10
38.104 3.30457e-10
38.122 3.22199e-10
38.14 3.13948e-10
38.158 3.05708e-10
38.176 2.97481e-10
38.194 2.89274e-10
38.212 2.81089e-10
38.23 2.72932e-10
38.248 2.64807e-10
38.266 2.56718e-10
38.284 2.4867e-10
38.302 2.40667e-10
38.32 2.32714e-10
38.338 2.24816e-10
38.356 2.16977e-10
38.374 2.09201e-10
38.392 2.01495e-10
38.41 1.93861e-10
38.428 1.86306e-10
38.446 1.78834e-10
38.464 1.71449e-10
38.482 1.64157e-10
38.5 1.56963e-10
38.518 1.49872e-10
38.536 1.42888e-10
38.554 1.36017e-10
38.572 1.29264e-10
38.59 1.22633e-10
38.608 1.1613e-10
38.626 1.0976e-10
38.644 1.03529e-10
38.662 9.744e-11
38.68 9.14999e-11
38.698 8.57133e-11
38.716 8.00855e-11
38.734 7.46217e-11
38.752 6.93272e-11
38.77 6.42072e-11
38.788 5.92669e-11
38.806 5.45116e-11
38.824 4.99466e-11
38.842 4.55772e-11
38.86 4.14087e-11
38.878 3.74462e-11
38.896 3.36952e-11
38.914 3.0161e-11
38.932 2.68488e-11
38.95 2.37638e-11
38.968 2.09115e-11
38.986 1.82971e-11
39.004 1.59258e-11
39.022 1.3803e-11
39.04 1.19339e-11
39.058 1.03237e-11
39.076 8.97776e-12
39.094 7.90121e-12
39.112 7.09929e-12
39.13 6.5772e-12
39.148 6.34012e-12
39.166 6.39321e-12
39.184 6.74159e-12
39.202 7.3904e-12
39.22 8.34471e-12
39.238 9.6096e-12
39.256 1.11901e-11
39.274 1.30912e-11
39.292 1.53179e-11
39.31 1.78752e-11
39.328 2.0768e-11
39.346 2.4001e-11
39.364 2.75793e-11
39.382 3.15076e-11
39.4 3.57906e-11
39.418 4.04331e-11
39.436 4.54398e-11
39.454 5.08153e-11
39.472 5.65642e-11
39.49 6.26911e-11
39.508 6.92004e-11
39.526 7.60966e-11
39.544 8.3384e-11
39.562 9.10671e-11
39.58 9.91502e-11
39.598 1.07637e-10
39.616 1.16533e-10
39.634 1.25841e-10
39.652 1.35565e-10
39.67 1.4571e-10
39.688 1.56279e-10
39.706 1.67277e-10
39.724 1.78706e-10
39.742 1.90572e-10
39.76 2.02877e-10
39.778 2.15625e-10
39.796 2.28819e-10
39.814 2.42463e-10
39.832 2.56561e-10
39.85 2.71116e-10
39.868 2.8613e-10
39.886 3.01607e-10
39.904 3.1755e-10
39.922 3.33962e-10
39.94 3.50846e-10
39.958 3.68205e-10
39.976 3.86041e-10
39.994 4.04357e-10
40.012 4.23156e-10
40.03 4.42439e-10
40.048 4.6221e-10
40.066 4.82471e-10
40.084 5.03223e-10
40.102 5.24469e-10
40.12 5.46211e-10
40.138 5.68451e-10
40.156 5.9119e-10
40.174 6.1443e-10
40.192 6.38173e-10
40.21 6.62421e-10
40.228 6.87173e-10
40.246 7.12433e-10
40.264 7.38201e-10
40.282 7.64478e-10
40.3 7.91265e-10
40.318 8.18563e-10
40.336 8.46372e-10
40.354 8.74694e-10
40.372 9.03529e-10
40.39 9.32876e-10
40.408 9.62738e-10
40.426 9.93113e-10
40.444 1.024e-09
40.462 1.0554e-09
40.48 1.08732e-09
40.498 1.11975e-09
40.516 1.15269e-09
40.534 1.18615e-09
40.552 1.22011e-09
40.57 1.25459e-09
40.588 1.28958e-09
40.606 1.32508e-09
40.624 1.36108e-09
40.642 1.39759e-09
40.66 1.43461e-09
40.678 1.47213e-09
40.696 1.51016e-09
40.714 1.54868e-09
40.732 1.58771e-09
40.75 1.62723e-09
40.768 1.66725e-09
40.786 1.70776e-09
40.804 1.74876e-09
40.822 1.79024e-09
40.84 1.83222e-09
40.858 1.87467e-09
40.876 1.91761e-09
40.894 1.96102e-09
40.912 2.00491e-09
40.93 2.04927e-09
40.948 2.0941e-09
40.966 2.13939e-09
40.984 2.18514e-09
41.002 2.23135e-09
41.02 2.27801e-09
41.038 2.32512e-09
41.056 2.37267e-09
41.074 2.42067e-09
41.092 2.4691e-09
41.11 2.51797e-09
41.128 2.56726e-09
41.146 2.61698e-09
41.164 2.66712e-09
41.182 2.71767e-09
41.2 2.76862e-09
41.218 2.81999e-09
41.236 2.87174e-09
41.254 2.9239e-09
41.272 2.97644e-09
41.29 3.02936e-09
41.308 3.08266e-09
41.326 3.13633e-09
41.344 3.19036e-09
41.362 3.24475e-09
41.38 3.29949e-09
41.398 3.35458e-09
41.416 3.41001e-09
41.434 3.46577e-09
41.452 3.52186e-09
41.47 3.57827e-09
41.488 3.63499e-09
41.506 3.69202e-09
41.524 3.74935e-09
41.542 3.80697e-09
41.56 3.86487e-09
41.578 3.92305e-09
41.596 3.98151e-09
41.614 4.04022e-09
41.632 4.09919e-09
41.65 4.1584e-09
41.668 4.21786e-09
41.686 4.27755e-09
41.704 4.33746e-09
41.722 4.39759e-09
41.74 4.45792e-09
41.758 4.51845e-09
41.776 4.57918e-09
41.794 4.64008e-09
41.812 4.70116e-09
41.83 4.76241e-09
41.848 4.82381e-09
41.866 4.88536e-09
41.884 4.94705e-09
41.902 5.00887e-09
41.92 5.07081e-09
41.938 5.13287e-09
41.956 5.19503e-09
41.974 5.25728e-09
41.992 5.31961e-09
42.01 5.38202e-09
42.028 5.4445e-09
42.046 5.50704e-09
42.064 5.56962e-09
42.082 5.63224e-09
42.1 5.69489e-09
42.118 5.75755e-09
42.136 5.82023e-09
42.154 5.88291e-09
42.172 5.94557e-09
42.19 6.00822e-09
42.208 6.07083e-09
42.226 6.13341e-09
42.244 6.19593e-09
42.262 6.2584e-09
42.28 6.32079e-09
42.298 6.38311e-09
42.316 6.44534e-09
42.334 6.50746e-09
42.352 6.56948e-09
42.37 6.63138e-09
42.388 6.69314e-09
42.406 6.75477e-09
42.424 6.81625e-09
42.442 6.87756e-09
42.46 6.93871e-09
42.478 6.99967e-09
42.496 7.06045e-09
42.514 7.12102e-09
42.532 7.18138e-09
42.55 7.24152e-09
42.568 7.30142e-09
42.586 7.36109e-09
42.604 7.4205e-09
42.622 7.47965e-09
42.64 7.53853e-09
42.658 7.59713e-09
42.676 7.65543e-09
42.694 7.71343e-09
42.712 7.77112e-09
42.73 7.82848e-09
42.748 7.88551e-09
42.766 7.9422e-09
42.784 7.99854e-09
42.802 8.05451e-09
42.82 8.11011e-09
42.838 8.16533e-09
42.856 8.22016e-09
42.874 8.27458e-09
42.892 8.3286e-09
42.91 8.38219e-09
42.928 8.43535e-09
42.946 8.48807e-09
42.964 8.54035e-09
42.982 8.59216e-09
43 8.6435e-09
43.018 8.69437e-09
43.036 8.74475e-09
43.054 8.79463e-09
43.072 8.84401e-09
43.09 8.89288e-09
43.108 8.94122e-09
43.126 8.98902e-09
43.144 9.03629e-09
43.162 9.08301e-09
43.18 9.12917e-09
43.198 9.17476e-09
43.216 9.21978e-09
43.234 9.26422e-09
43.252 9.30806e-09
43.27 9.3513e-09
43.288 9.39394e-09
43.306 9.43596e-09
43.324 9.47735e-09
43.342 9.51812e-09
43.36 9.55824e-09
43.378 9.59772e-09
43.396 9.63654e-09
43.414 9.67471e-09
43.432 9.7122e-09
43.45 9.74902e-09
43.468 9.78515e-09
43.486 9.8206e-09
43.504 9.85534e-09
43.522 9.88939e-09
43.54 9.92272e-09
43.558 9.95534e-09
43.576 9.98724e-09
43.594 1.00184e-08
43.612 1.00488e-08
43.63 1.00785e-08
43.648 1.01075e-08
43.666 1.01357e-08
43.684 1.01631e-08
43.702 1.01898e-08
43.72 1.02157e-08
43.738 1.02408e-08
43.756 1.02652e-08
43.774 1.02888e-08
43.792 1.03116e-08
43.81 1.03336e-08
43.828 1.03548e-08
43.846 1.03752e-08
43.864 1.03948e-08
43.882 1.04136e-08
43.9 1.04315e-08
43.918 1.04487e-08
43.936 1.0465e-08
43.954 1.04806e-08
43.972 1.04953e-08
43.99 1.05091e-08
44.008 1.05222e-08
44.026 1.05344e-08
44.044 1.05458e-08
44.062 1.05563e-08
44.08 1.0566e-08
44.098 1.05748e-08
44.116 1.05828e-08
44.134 1.059e-08
44.152 1.05963e-08
44.17 1.06018e-08
44.188 1.06064e-08
44.206 1.06101e-08
44.224 1.06131e-08
44.242 1.06151e-08
44.26 1.06163e-08
44.278 1.06167e-08
44.296 1.06162e-08
44.314 1.06148e-08
44.332 1.06126e-08
44.35 1.06095e-08
44.368 1.06056e-08
44.386 1.06009e-08
44.404 1.05952e-08
44.422 1.05888e-08
44.44 1.05815e-08
44.458 1.05733e-08
44.476 1.05643e-08
44.494 1.05544e-08
44.512 1.05437e-08
44.53 1.05322e-08
44.548 1.05198e-08
44.566 1.05066e-08
44.584 1.04925e-08
44.602 1.04776e-08
44.62 1.04619e-08
44.638 1.04454e-08
44.656 1.0428e-08
44.674 1.04098e-08
44.692 1.03908e-08
44.71 1.0371e-08
44.728 1.03504e-08
44.746 1.0329e-08
44.764 1.03067e-08
44.782 1.02837e-08
44.8 1.02599e-08
44.818 1.02353e-08
44.836 1.02099e-08
44.854 1.01837e-08
44.872 1.01568e-08
44.89 1.0129e-08
44.908 1.01006e-08
44.926 1.00713e-08
44.944 1.00413e-08
44.962 1.00106e-08
44.98 9.97911e-09
44.998 9.9469e-09
45.016 9.91395e-09
45.034 9.88028e-09
45.052 9.84589e-09
45.07 9.81079e-09
45.088 9.77498e-09
45.106 9.73848e-09
45.124 9.70129e-09
45.142 9.66341e-09
45.16 9.62485e-09
45.178 9.58563e-09
45.196 9.54575e-09
45.214 9.5052e-09
45.232 9.46402e-09
45.25 9.42219e-09
45.268 9.37973e-09
45.286 9.33665e-09
45.304 9.29295e-09
45.322 9.24864e-09
45.34 9.20374e-09
45.358 9.15824e-09
45.376 9.11216e-09
45.394 9.06551e-09
45.412 9.01829e-09
45.43 8.97051e-09
45.448 8.92219e-09
45.466 8.87332e-09
45.484 8.82393e-09
45.502 8.77402e-09
45.52 8.72359e-09
45.538 8.67266e-09
45.556 8.62124e-09
45.574 8.56933e-09
45.592 8.51695e-09
45.61 8.46411e-09
45.628 8.41081e-09
45.646 8.35706e-09
45.664 8.30288e-09
45.682 8.24827e-09
45.7 8.19325e-09
45.718 8.13782e-09
45.736 8.082e-09
45.754 8.02578e-09
45.772 7.9692e-09
45.79 7.91224e-09
45.808 7.85493e-09
45.826 7.79728e-09
45.844 7.73929e-09
45.862 7.68097e-09
45.88 7.62234e-09
45.898 7.56341e-09
45.916 7.50418e-09
45.934 7.44466e-09
45.952 7.38488e-09
45.97 7.32483e-09
45.988 7.26453e-09
46.006 7.20399e-09
46.024 7.14322e-09
46.042 7.08223e-09
46.06 7.02102e-09
46.078 6.95962e-09
46.096 6.89803e-09
46.114 6.83626e-09
46.132 6.77432e-09
46.15 6.71223e-09
46.168 6.64998e-09
46.186 6.58761e-09
46.204 6.5251e-09
46.222 6.46248e-09
46.24 6.39976e-09
46.258 6.33694e-09
46.276 6.27404e-09
46.294 6.21106e-09
46.312 6.14802e-09
46.33 6.08493e-09
46.348 6.0218e-09
46.366 5.95863e-09
46.384 5.89544e-09
46.402 5.83224e-09
46.42 5.76904e-09
46.438 5.70584e-09
46.456 5.64267e-09
46.474 5.57952e-09
46.492 5.51642e-09
46.51 5.45336e-09
46.528 5.39036e-09
46.546 5.32742e-09
46.564 5.26457e-09
46.582 5.2018e-09
46.6 5.13913e-09
46.618 5.07657e-09
46.636 5.01412e-09
46.654 4.9518e-09
46.672 4.88962e-09
46.69 4.82758e-09
46.708 4.76569e-09
46.726 4.70396e-09
46.744 4.64241e-09
46.762 4.58104e-09
46.78 4.51985e-09
46.798 4.45887e-09
46.816 4.39809e-09
46.834 4.33753e-09
46.852 4.27719e-09
46.87 4.21708e-09
46.888 4.15722e-09
46.906 4.0976e-09
46.924 4.03824e-09
46.942 3.97914e-09
46.96 3.92032e-09
46.978 3.86178e-09
46.996 3.80353e-09
47.014 3.74557e-09
47.032 3.68792e-09
47.05 3.63057e-09
47.068 3.57355e-09
47.086 3.51685e-09
47.104 3.46048e-09
47.122 3.40445e-09
47.14 3.34877e-09
47.158 3.29344e-09
47.176 3.23847e-09
47.194 3.18387e-09
47.212 3.12963e-09
47.23 3.07578e-09
47.248 3.02231e-09
47.266 2.96923e-09
47.284 2.91654e-09
47.302 2.86426e-09
47.32 2.81238e-09
47.338 2.76092e-09
47.356 2.70987e-09
47.374 2.65924e-09
47.392 2.60905e-09
47.41 2.55929e-09
47.428 2.50996e-09
47.446 2.46108e-09
47.464 2.41264e-09
47.482 2.36465e-09
47.5 2.31712e-09
47.518 2.27005e-09
47.536 2.22345e-09
47.554 2.1773e-09
47.572 2.13163e-09
47.59 2.08644e-09
47.608 2.04172e-09
47.626 1.99748e-09
47.644 1.95373e-09
47.662 1.91047e-09
47.68 1.86769e-09
47.698 1.82541e-09
47.716 1.78362e-09
47.734 1.74233e-09
47.752 1.70154e-09
47.77 1.66126e-09
47.788 1.62147e-09
47.806 1.5822e-09
47.824 1.54343e-09
47.842 1.50517e-09
47.86 1.46742e-09
47.878 1.43018e-09
47.896 1.39346e-09
47.914 1.35725e-09
47.932 1.32156e-09
47.95 1.28639e-09
47.968 1.25173e-09
47.986 1.21759e-09
48.004 1.18397e-09
48.022 1.15086e-09
48.04 1.11828e-09
48.058 1.08621e-09
48.076 1.05466e-09
48.094 1.02363e-09
48.112 9.93123e-10
48.13 9.63129e-10
48.148 9.33652e-10
48.166 9.04691e-10
48.184 8.76245e-10
48.202 8.48314e-10
48.22 8.20896e-10
48.238 7.9399e-10
48.256 7.67595e-10
48.274 7.41709e-10
48.292 7.1633e-10
48.31 6.91458e-10
48.328 6.6709e-10
48.346 6.43224e-10
48.364 6.19859e-10
48.382 5.96992e-10
48.4 5.74621e-10
48.418 5.52743e-10
48.436 5.31357e-10
48.454 5.10459e-10
48.472 4.90047e-10
48.49 4.70119e-10
48.508 4.5067e-10
48.526 4.317e-10
48.544 4.13203e-10
48.562 3.95178e-10
48.58 3.77621e-10
48.598 3.60528e-10
48.616 3.43897e-10
48.634 3.27723e-10
48.652 3.12003e-10
48.67 2.96734e-10
48.688 2.81912e-10
48.706 2.67532e-10
48.724 2.53591e-10
48.742 2.40086e-10
48.76 2.27011e-10
48.778 2.14362e-10
48.796 2.02137e-10
48.814 1.90329e-10
48.832 1.78935e-10
48.85 1.67951e-10
48.868 1.57371e-10
48.886 1.47192e-10
48.904 1.37408e-10
48.922 1.28015e-10
48.94 1.19009e-10
48.958 1.10384e-10
48.976 1.02136e-10
48.994 9.42592e-11
49.012 8.67494e-11
49.03 7.96014e-11
49.048 7.28102e-11
49.066 6.63706e-11
49.084 6.02775e-11
49.102 5.45258e-11
49.12 4.91102e-11
49.138 4.40256e-11
49.156 3.92666e-11
49.174 3.48279e-11
49.192 3.07042e-11
49.21 2.68901e-11
49.228 2.33802e-11
49.246 2.01691e-11
49.264 1.72514e-11
49.282 1.46216e-11
49.3 1.22743e-11
49.318 1.02038e-11
49.336 8.40476e-12
49.354 6.87162e-12
49.372 5.59883e-12
49.39 4.58085e-12
49.408 3.81213e-12
49.426 3.28711e-12
49.444 3.00024e-12
49.462 2.94595e-12
49.48 3.11868e-12
49.498 3.51287e-12
49.516 4.12297e-12
49.534 4.94342e-12
49.552 5.96868e-12
49.57 7.19323e-12
49.588 8.61153e-12
49.606 1.02181e-11
49.624 1.20074e-11
49.642 1.3974e-11
49.66 1.61124e-11
49.678 1.84172e-11
49.696 2.08829e-11
49.714 2.35042e-11
49.732 2.62757e-11
49.75 2.9192e-11
49.768 3.22478e-11
49.786 3.54379e-11
49.804 3.87569e-11
49.822 4.21997e-11
49.84 4.57611e-11
49.858 4.94358e-11
49.876 5.32188e-11
49.894 5.7105e-11
49.912 6.10894e-11
49.93 6.51669e-11
49.948 6.93326e-11
49.966 7.35815e-11
49.984 7.79089e-11
50.002 8.23098e-11
50.02 8.67795e-11
50.038 9.13133e-11
50.056 9.59065e-11
50.074 1.00554e-10
50.092 1.05253e-10
50.11 1.09996e-10
50.128 1.14781e-10
50.146 1.19603e-10
50.164 1.24457e-10
50.182 1.29339e-10
50.2 1.34245e-10
50.218 1.39171e-10
50.236 1.44112e-10
50.254 1.49065e-10
50.272 1.54026e-10
50.29 1.58989e-10
50.308 1.63953e-10
50.326 1.68912e-10
50.344 1.73864e-10
50.362 1.78804e-10
50.38 1.83729e-10
50.398 1.88635e-10
50.416 1.93519e-10
50.434 1.98377e-10
50.452 2.03207e-10
50.47 2.08004e-10
50.488 2.12766e-10
50.506 2.17489e-10
50.524 2.2217e-10
50.542 2.26807e-10
50.56 2.31397e-10
50.578 2.35936e-10
50.596 2.40422e-10
50.614 2.44852e-10
50.632 2.49224e-10
50.65 2.53534e-10
50.668 2.57781e-10
50.686 2.61962e-10
50.704 2.66075e-10
50.722 2.70118e-10
50.74 2.74087e-10
50.758 2.77982e-10
50.776 2.818e-10
50.794 2.85539e-10
50.812 2.89197e-10
50.83 2.92772e-10
50.848 2.96264e-10
50.866 2.99669e-10
50.884 3.02986e-10
50.902 3.06215e-10
50.92 3.09353e-10
50.938 3.12398e-10
50.956 3.15351e-10
50.974 3.18209e-10
50.992 3.20971e-10
51.01 3.23636e-10
51.028 3.26203e-10
51.046 3.28672e-10
51.064 3.31041e-10
51.082 3.33309e-10
51.1 3.35476e-10
51.118 3.3754e-10
51.136 3.39503e-10
51.154 3.41362e-10
51.172 3.43117e-10
51.19 3.44768e-10
51.208 3.46315e-10
51.226 3.47757e-10
51.244 3.49095e-10
51.262 3.50327e-10
51.28 3.51454e-10
51.298 3.52475e-10
51.316 3.53392e-10
51.334 3.54203e-10
51.352 3.54909e-10
51.37 3.55511e-10
51.388 3.56008e-10
51.406 3.56401e-10
51.424 3.5669e-10
51.442 3.56875e-10
51.46 3.56958e-10
51.478 3.56939e-10
51.496 3.56817e-10
51.514 3.56595e-10
51.532 3.56272e-10
51.55 3.55849e-10
51.568 3.55328e-10
51.586 3.54709e-10
51.604 3.53992e-10
51.622 3.53179e-10
51.64 3.52271e-10
51.658 3.51269e-10
51.676 3.50174e-10
51.694 3.48987e-10
51.712 3.47709e-10
51.73 3.46341e-10
51.748 3.44885e-10
51.766 3.43342e-10
51.784 3.41713e-10
51.802 3.39999e-10
51.82 3.38203e-10
51.838 3.36324e-10
51.856 3.34366e-10
51.874 3.32328e-10
51.892 3.30213e-10
51.91 3.28023e-10
51.928 3.25758e-10
51.946 3.23421e-10
51.964 3.21013e-10
51.982 3.18536e-10
52 3.15991e-10
52.018 3.13379e-10
52.036 3.10704e-10
52.054 3.07966e-10
52.072 3.05167e-10
52.09 3.02309e-10
52.108 2.99394e-10
52.126 2.96424e-10
52.144 2.934e-10
52.162 2.90324e-10
52.18 2.87197e-10
52.198 2.84023e-10
52.216 2.80803e-10
52.234 2.77538e-10
52.252 2.7423e-10
52.27 2.70882e-10
52.288 2.67495e-10
52.306 2.64071e-10
52.324 2.60613e-10
52.342 2.57121e-10
52.36 2.53597e-10
52.378 2.50045e-10
52.396 2.46465e-10
52.414 2.4286e-10
52.432 2.3923e-10
52.45 2.3558e-10
52.468 2.31909e-10
52.486 2.2822e-10
52.504 2.24516e-10
52.522 2.20797e-10
52.54 2.17066e-10
52.558 2.13324e-10
52.576 2.09573e-10
52.594 2.05816e-10
52.612 2.02054e-10
52.63 1.98288e-10
52.648 1.94521e-10
52.666 1.90754e-10
52.684 1.8699e-10
52.702 1.83229e-10
52.72 1.79474e-10
52.738 1.75726e-10
52.756 1.71987e-10
52.774 1.68258e-10
52.792 1.64542e-10
52.81 1.6084e-10
52.828 1.57154e-10
52.846 1.53484e-10
52.864 1.49833e-10
52.882 1.46203e-10
52.9 1.42594e-10
52.918 1.39009e-10
52.936 1.35448e-10
52.954 1.31913e-10
52.972 1.28406e-10
52.99 1.24928e-10
53.008 1.2148e-10
53.026 1.18064e-10
53.044 1.1468e-10
53.062 1.11331e-10
53.08 1.08018e-10
53.098 1.04741e-10
53.116 1.01502e-10
53.134 9.83025e-11
53.152 9.51428e-11
53.17 9.20245e-11
53.188 8.89485e-11
53.206 8.59159e-11
53.224 8.29277e-11
53.242 7.99849e-11
53.26 7.70883e-11
53.278 7.4239e-11
53.296 7.14377e-11
53.314 6.86854e-11
53.332 6.59828e-11
53.35 6.33306e-11
53.368 6.07297e-11
53.386 5.81808e-11
53.404 5.56844e-11
53.422 5.32413e-11
53.44 5.08521e-11
53.458 4.85173e-11
53.476 4.62374e-11
53.494 4.4013e-11
53.512 4.18445e-11
53.53 3.97324e-11
53.548 3.7677e-11
53.566 3.56787e-11
53.584 3.37379e-11
53.602 3.18549e-11
53.62 3.00299e-11
53.638 2.82631e-11
53.656 2.65548e-11
53.674 2.49051e-11
53.692 2.33141e-11
53.71 2.1782e-11
53.728 2.03088e-11
53.746 1.88945e-11
53.764 1.75392e-11
53.782 1.62428e-11
53.8 1.50052e-11
53.818 1.38264e-11
53.836 1.27063e-11
53.854 1.16446e-11
53.872 1.06413e-11
53.89 9.696e-12
53.908 8.80858e-12
53.926 7.97874e-12
53.944 7.20616e-12
53.962 6.49053e-12
53.98 5.83148e-12
53.998 5.22863e-12
54.016 4.68156e-12
54.034 4.18985e-12
54.052 3.75301e-12
54.07 3.37057e-12
54.088 3.04199e-12
54.106 2.76675e-12
54.124 2.54428e-12
54.142 2.37399e-12
54.16 2.25526e-12
54.178 2.18746e-12
54.196 2.16993e-12
54.214 2.202e-12
54.232 2.28295e-12
54.25 2.41208e-12
54.268 2.58864e-12
54.286 2.81187e-12
54.304 3.08099e-12
54.322 3.3952e-12
54.34 3.75369e-12
54.358 4.15563e-12
54.376 4.60016e-12
54.394 5.08642e-12
54.412 5.61353e-12
54.43 6.1806e-12
54.448 6.78671e-12
54.466 7.43095e-12
54.484 8.11238e-12
54.502 8.83005e-12
54.52 9.583e-12
54.538 1.03703e-11
54.556 1.11909e-11
54.574 1.20438e-11
54.592 1.29281e-11
54.61 1.38427e-11
54.628 1.47866e-11
54.646 1.57588e-11
54.664 1.67583e-11
54.682 1.7784e-11
54.7 1.8835e-11
54.718 1.991e-11
54.736 2.10082e-11
54.754 2.21283e-11
54.772 2.32695e-11
54.79 2.44306e-11
54.808 2.56106e-11
54.826 2.68083e-11
54.844 2.80228e-11
54.862 2.9253e-11
54.88 3.04979e-11
54.898 3.17562e-11
54.916 3.30271e-11
54.934 3.43094e-11
54.952 3.56022e-11
54.97 3.69043e-11
54.988 3.82146e-11
55.006 3.95323e-11
55.024 4.08562e-11
55.042 4.21853e-11
55.06 4.35186e-11
55.078 4.4855e-11
55.096 4.61936e-11
55.114 4.75334e-11
55.132 4.88734e-11
55.15 5.02125e-11
55.168 5.15499e-11
55.186 5.28845e-11
55.204 5.42154e-11
55.222 5.55417e-11
55.24 5.68625e-11
55.258 5.81767e-11
55.276 5.94835e-11
55.294 6.07821e-11
55.312 6.20715e-11
55.33 6.33509e-11
55.348 6.46194e-11
55.366 6.58761e-11
55.384 6.71203e-11
55.402 6.83512e-11
55.42 6.95679e-11
55.438 7.07697e-11
55.456 7.19558e-11
55.474 7.31254e-11
55.492 7.42779e-11
55.51 7.54125e-11
55.528 7.65285e-11
55.546 7.76252e-11
55.564 7.87021e-11
55.582 7.97583e-11
55.6 8.07934e-11
55.618 8.18067e-11
55.636 8.27976e-11
55.654 8.37655e-11
55.672 8.471e-11
55.69 8.56304e-11
55.708 8.65262e-11
55.726 8.7397e-11
55.744 8.82423e-11
55.762 8.90616e-11
55.78 8.98546e-11
55.798 9.06207e-11
55.816 9.13596e-11
55.834 9.20709e-11
55.852 9.27542e-11
55.87 9.34093e-11
55.888 9.40358e-11
55.906 9.46335e-11
55.924 9.52019e-11
55.942 9.5741e-11
55.96 9.62504e-11
55.978 9.673e-11
55.996 9.71795e-11
56.014 9.75988e-11
56.032 9.79878e-11
56.05 9.83462e-11
56.068 9.8674e-11
56.086 9.89712e-11
56.104 9.92375e-11
56.122 9.9473e-11
56.14 9.96777e-11
56.158 9.98515e-11
56.176 9.99944e-11
56.194 1.00106e-10
56.212 1.00188e-10
56.23 1.00238e-10
56.248 1.00258e-10
56.266 1.00247e-10
56.284 1.00206e-10
56.302 1.00135e-10
56.32 1.00033e-10
56.338 9.99017e-11
56.356 9.97403e-11
56.374 9.95494e-11
56.392 9.93291e-11
56.41 9.90797e-11
56.428 9.88014e-11
56.446 9.84946e-11
56.464 9.81594e-11
56.482 9.77962e-11
56.5 9.74054e-11
56.518 9.69872e-11
56.536 9.65421e-11
56.554 9.60703e-11
56.572 9.55722e-11
56.59 9.50483e-11
56.608 9.44989e-11
56.626 9.39245e-11
56.644 9.33254e-11
56.662 9.27022e-11
56.68 9.20553e-11
56.698 9.13851e-11
56.716 9.06922e-11
56.734 8.9977e-11
56.752 8.92399e-11
56.77 8.84817e-11
56.788 8.77026e-11
56.806 8.69033e-11
56.824 8.60843e-11
56.842 8.52462e-11
56.86 8.43895e-11
56.878 8.35147e-11
56.896 8.26225e-11
56.914 8.17134e-11
56.932 8.0788e-11
56.95 7.98469e-11
56.968 7.88906e-11
56.986 7.79199e-11
57.004 7.69352e-11
57.022 7.59372e-11
57.04 7.49265e-11
57.058 7.39037e-11
57.076 7.28695e-11
57.094 7.18245e-11
57.112 7.07692e-11
57.13 6.97044e-11
57.148 6.86307e-11
57.166 6.75486e-11
57.184 6.64589e-11
57.202 6.53621e-11
57.22 6.4259e-11
57.238 6.315e-11
57.256 6.20359e-11
57.274 6.09174e-11
57.292 5.97949e-11
57.31 5.86693e-11
57.328 5.7541e-11
57.346 5.64107e-11
57.364 5.52791e-11
57.382 5.41467e-11
57.4 5.30142e-11
57.418 5.18822e-11
57.436 5.07513e-11
57.454 4.96221e-11
57.472 4.84952e-11
57.49 4.73712e-11
57.508 4.62507e-11
57.526 4.51343e-11
57.544 4.40225e-11
57.562 4.29159e-11
57.58 4.18151e-11
57.598 4.07207e-11
57.616 3.96331e-11
57.634 3.8553e-11
57.652 3.74808e-11
57.67 3.64172e-11
57.688 3.53625e-11
57.706 3.43173e-11
57.724 3.32822e-11
57.742 3.22576e-11
57.76 3.1244e-11
57.778 3.02418e-11
57.796 2.92515e-11
57.814 2.82736e-11
57.832 2.73086e-11
57.85 2.63567e-11
57.868 2.54186e-11
57.886 2.44945e-11
57.904 2.35848e-11
57.922 2.26901e-11
57.94 2.18105e-11
57.958 2.09466e-11
57.976 2.00986e-11
57.994 1.92669e-11
58.012 1.84517e-11
58.03 1.76536e-11
58.048 1.68726e-11
58.066 1.61092e-11
58.084 1.53635e-11
58.102 1.4636e-11
58.12 1.39267e-11
58.138 1.3236e-11
58.156 1.25641e-11
58.174 1.19112e-11
58.192 1.12775e-11
58.21 1.06632e-11
58.228 1.00684e-11
58.246 9.49343e-12
58.264 8.93829e-12
58.282 8.40316e-12
58.3 7.88818e-12
58.318 7.39344e-12
58.336 6.91905e-12
58.354 6.4651e-12
58.372 6.03165e-12
58.39 5.61876e-12
58.408 5.22648e-12
58.426 4.85484e-12
58.444 4.50386e-12
58.462 4.17355e-12
58.48 3.86391e-12
58.498 3.57491e-12
58.516 3.30653e-12
58.534 3.05872e-12
58.552 2.83143e-12
58.57 2.62459e-12
58.588 2.43812e-12
58.606 2.27194e-12
58.624 2.12593e-12
58.642 1.99999e-12
58.66 1.89398e-12
58.678 1.80778e-12
58.696 1.74123e-12
58.714 1.69417e-12
58.732 1.66644e-12
58.75 1.65784e-12
58.768 1.6682e-12
58.786 1.6973e-12
58.804 1.74494e-12
58.822 1.81089e-12
58.84 1.89492e-12
58.858 1.99679e-12
58.876 2.11625e-12
58.894 2.25304e-12
58.912 2.40689e-12
58.93 2.57752e-12
58.948 2.76464e-12
58.966 2.96797e-12
58.984 3.18719e-12
59.002 3.42201e-12
59.02 3.67209e-12
59.038 3.93712e-12
59.056 4.21677e-12
59.074 4.51069e-12
59.092 4.81854e-12
59.11 5.13996e-12
59.128 5.47461e-12
59.146 5.82211e-12
59.164 6.1821e-12
59.182 6.5542e-12
59.2 6.93803e-12
59.218 7.33322e-12
59.236 7.73936e-12
59.254 8.15607e-12
59.272 8.58295e-12
59.29 9.01961e-12
59.308 9.46563e-12
59.326 9.92061e-12
59.344 1.03841e-11
59.362 1.08558e-11
59.38 1.13352e-11
59.398 1.18219e-11
59.416 1.23155e-11
59.434 1.28155e-11
59.452 1.33216e-11
59.47 1.38334e-11
59.488 1.43503e-11
59.506 1.4872e-11
59.524 1.53981e-11
59.542 1.59281e-11
59.56 1.64616e-11
59.578 1.69982e-11
59.596 1.75375e-11
59.614 1.8079e-11
59.632 1.86223e-11
59.65 1.91671e-11
59.668 1.97129e-11
59.686 2.02592e-11
59.704 2.08058e-11
59.722 2.13521e-11
59.74 2.18977e-11
59.758 2.24423e-11
59.776 2.29855e-11
59.794 2.35269e-11
59.812 2.4066e-11
59.83 2.46026e-11
59.848 2.51361e-11
59.866 2.56663e-11
59.884 2.61927e-11
59.902 2.67151e-11
59.92 2.72329e-11
59.938 2.77459e-11
59.956 2.82538e-11
59.974 2.87561e-11
59.992 2.92526e-11
60.01 2.97428e-11
60.028 3.02266e-11
60.046 3.07034e-11
60.064 3.11731e-11
60.082 3.16354e-11
60.1 3.20898e-11
60.118 3.25362e-11
60.136 3.29742e-11
60.154 3.34036e-11
60.172 3.38241e-11
60.19 3.42354e-11
60.208 3.46372e-11
60.226 3.50294e-11
60.244 3.54117e-11
60.262 3.57837e-11
60.28 3.61454e-11
60.298 3.64965e-11
60.316 3.68368e-11
60.334 3.71661e-11
60.352 3.74842e-11
60.37 3.77908e-11
60.388 3.8086e-11
60.406 3.83694e-11
60.424 3.86409e-11
60.442 3.89003e-11
60.46 3.91476e-11
60.478 3.93826e-11
60.496 3.96052e-11
60.514 3.98152e-11
60.532 4.00125e-11
60.55 4.01972e-11
60.568 4.0369e-11
60.586 4.05279e-11
60.604 4.06738e-11
60.622 4.08067e-11
60.64 4.09265e-11
60.658 4.10332e-11
60.676 4.11267e-11
60.694 4.12071e-11
60.712 4.12742e-11
60.73 4.13282e-11
60.748 4.13689e-11
60.766 4.13965e-11
60.784 4.14109e-11
60.802 4.14121e-11
60.82 4.14003e-11
60.838 4.13753e-11
60.856 4.13374e-11
60.874 4.12865e-11
60.892 4.12228e-11
60.91 4.11463e-11
60.928 4.1057e-11
60.946 4.09552e-11
60.964 4.08408e-11
60.982 4.0714e-11
61 4.05749e-11
61.018 4.04237e-11
61.036 4.02605e-11
61.054 4.00853e-11
61.072 3.98984e-11
61.09 3.96999e-11
61.108 3.949e-11
61.126 3.92688e-11
61.144 3.90365e-11
61.162 3.87932e-11
61.18 3.85393e-11
61.198 3.82748e-11
61.216 3.8e-11
61.234 3.7715e-11
61.252 3.74201e-11
61.27 3.71155e-11
61.288 3.68013e-11
61.306 3.64779e-11
61.324 3.61455e-11
61.342 3.58042e-11
61.36 3.54544e-11
61.378 3.50962e-11
61.396 3.47299e-11
61.414 3.43559e-11
61.432 3.39742e-11
61.45 3.35852e-11
61.468 3.31891e-11
61.486 3.27862e-11
61.504 3.23768e-11
61.522 3.19612e-11
61.54 3.15395e-11
61.558 3.11122e-11
61.576 3.06794e-11
61.594 3.02414e-11
61.612 2.97986e-11
61.63 2.93512e-11
61.648 2.88995e-11
61.666 2.84437e-11
61.684 2.79843e-11
61.702 2.75214e-11
61.72 2.70553e-11
61.738 2.65864e-11
61.756 2.61149e-11
61.774 2.56411e-11
61.792 2.51653e-11
61.81 2.46878e-11
61.828 2.42089e-11
61.846 2.37289e-11
61.864 2.3248e-11
61.882 2.27666e-11
61.9 2.22849e-11
61.918 2.18032e-11
61.936 2.13218e-11
61.954 2.0841e-11
61.972 2.03611e-11
61.99 1.98823e-11
62.008 1.94049e-11
62.026 1.89292e-11
62.044 1.84555e-11
62.062 1.7984e-11
62.08 1.75149e-11
62.098 1.70486e-11
62.116 1.65854e-11
62.134 1.61253e-11
62.152 1.56688e-11
62.17 1.52161e-11
62.188 1.47674e-11
62.206 1.43229e-11
62.224 1.38829e-11
62.242 1.34476e-11
62.26 1.30172e-11
62.278 1.25921e-11
62.296 1.21723e-11
62.314 1.17581e-11
62.332 1.13497e-11
62.35 1.09473e-11
62.368 1.05511e-11
62.386 1.01614e-11
62.404 9.77821e-12
62.422 9.40183e-12
62.44 9.03241e-12
62.458 8.67012e-12
62.476 8.31513e-12
62.494 7.9676e-12
62.512 7.62769e-12
62.53 7.29554e-12
62.548 6.97131e-12
62.566 6.65513e-12
62.584 6.34713e-12
62.602 6.04744e-12
62.62 5.75617e-12
62.638 5.47346e-12
62.656 5.19939e-12
62.674 4.93408e-12
62.692 4.67763e-12
62.71 4.43011e-12
62.728 4.19161e-12
62.746 3.96221e-12
62.764 3.74198e-12
62.782 3.53099e-12
62.8 3.32929e-12
62.818 3.13693e-12
62.836 2.95396e-12
62.854 2.78041e-12
62.872 2.61633e-12
62.89 2.46173e-12
62.908 2.31663e-12
62.926 2.18105e-12
62.944 2.055e-12
62.962 1.93848e-12
62.98 1.83147e-12
62.998 1.73397e-12
63.016 1.64597e-12
63.034 1.56743e-12
63.052 1.49833e-12
63.07 1.43863e-12
63.088 1.3883e-12
63.106 1.34727e-12
63.124 1.31551e-12
63.142 1.29294e-12
63.16 1.27951e-12
63.178 1.27514e-12
63.196 1.27976e-12
63.214 1.29329e-12
63.232 1.31563e-12
63.25 1.34671e-12
63.268 1.38641e-12
63.286 1.43464e-12
63.304 1.49129e-12
63.322 1.55625e-12
63.34 1.6294e-12
63.358 1.71062e-12
63.376 1.79978e-12
63.394 1.89676e-12
63.412 2.0014e-12
63.43 2.11359e-12
63.448 2.23316e-12
63.466 2.35998e-12
63.484 2.49389e-12
63.502 2.63474e-12
63.52 2.78236e-12
63.538 2.9366e-12
63.556 3.09729e-12
63.574 3.26425e-12
63.592 3.43732e-12
63.61 3.61632e-12
63.628 3.80107e-12
63.646 3.99139e-12
63.664 4.1871e-12
63.682 4.388e-12
63.7 4.59391e-12
63.718 4.80464e-12
63.736 5.02e-12
63.754 5.23978e-12
63.772 5.4638e-12
63.79 5.69185e-12
63.808 5.92373e-12
63.826 6.15924e-12
63.844 6.39819e-12
63.862 6.64035e-12
63.88 6.88554e-12
63.898 7.13353e-12
63.916 7.38414e-12
63.934 7.63714e-12
63.952 7.89234e-12
63.97 8.14952e-12
63.988 8.40847e-12
64.006 8.669e-12
64.024 8.93088e-12
64.042 9.19391e-12
64.06 9.4579e-12
64.078 9.72262e-12
64.096 9.98787e-12
64.114 1.02535e-11
64.132 1.05192e-11
64.15 1.07848e-11
64.168 1.10501e-11
64.186 1.1315e-11
64.204 1.15792e-11
64.222 1.18425e-11
64.24 1.21047e-11
64.258 1.23657e-11
64.276 1.26252e-11
64.294 1.28831e-11
64.312 1.31391e-11
64.33 1.33931e-11
64.348 1.36449e-11
64.366 1.38943e-11
64.384 1.41412e-11
64.402 1.43853e-11
64.42 1.46265e-11
64.438 1.48647e-11
64.456 1.50995e-11
64.474 1.5331e-11
64.492 1.55589e-11
64.51 1.57831e-11
64.528 1.60035e-11
64.546 1.62198e-11
64.564 1.64319e-11
64.582 1.66397e-11
64.6 1.68431e-11
64.618 1.70418e-11
64.636 1.72359e-11
64.654 1.74251e-11
64.672 1.76094e-11
64.69 1.77885e-11
64.708 1.79625e-11
64.726 1.81311e-11
64.744 1.82944e-11
64.762 1.84521e-11
64.78 1.86042e-11
64.798 1.87506e-11
64.816 1.88911e-11
64.834 1.90258e-11
64.852 1.91546e-11
64.87 1.92773e-11
64.888 1.93939e-11
64.906 1.95043e-11
64.924 1.96085e-11
64.942 1.97064e-11
64.96 1.97979e-11
64.978 1.9883e-11
64.996 1.99617e-11
65.014 2.00339e-11
65.032 2.00997e-11
65.05 2.01588e-11
65.068 2.02114e-11
65.086 2.02574e-11
65.104 2.02969e-11
65.122 2.03297e-11
65.14 2.03558e-11
65.158 2.03754e-11
65.176 2.03884e-11
65.194 2.03947e-11
65.212 2.03944e-11
65.23 2.03876e-11
65.248 2.03742e-11
65.266 2.03543e-11
65.284 2.03278e-11
65.302 2.02949e-11
65.32 2.02555e-11
65.338 2.02098e-11
65.356 2.01577e-11
65.374 2.00993e-11
65.392 2.00347e-11
65.41 1.99639e-11
65.428 1.9887e-11
65.446 1.9804e-11
65.464 1.9715e-11
65.482 1.96202e-11
65.5 1.95195e-11
65.518 1.9413e-11
65.536 1.93009e-11
65.554 1.91832e-11
65.572 1.90601e-11
65.59 1.89315e-11
65.608 1.87977e-11
65.626 1.86586e-11
65.644 1.85145e-11
65.662 1.83654e-11
65.68 1.82114e-11
65.698 1.80527e-11
65.716 1.78894e-11
65.734 1.77215e-11
65.752 1.75492e-11
65.77 1.73726e-11
65.788 1.71919e-11
65.806 1.70072e-11
65.824 1.68186e-11
65.842 1.66262e-11
65.86 1.64302e-11
65.878 1.62307e-11
65.896 1.60279e-11
65.914 1.58218e-11
65.932 1.56127e-11
65.95 1.54006e-11
65.968 1.51858e-11
65.986 1.49683e-11
66.004 1.47483e-11
66.022 1.4526e-11
66.04 1.43014e-11
66.058 1.40748e-11
66.076 1.38463e-11
66.094 1.36161e-11
66.112 1.33842e-11
66.13 1.31509e-11
66.148 1.29163e-11
66.166 1.26805e-11
66.184 1.24437e-11
66.202 1.22061e-11
66.22 1.19678e-11
66.238 1.17289e-11
66.256 1.14896e-11
66.274 1.12501e-11
66.292 1.10105e-11
66.31 1.07709e-11
66.328 1.05315e-11
66.346 1.02925e-11
66.364 1.0054e-11
66.382 9.81605e-12
66.4 9.57893e-12
66.418 9.34272e-12
66.436 9.10758e-12
66.454 8.87364e-12
66.472 8.64104e-12
66.49 8.40992e-12
66.508 8.18041e-12
66.526 7.95265e-12
66.544 7.72677e-12
66.562 7.5029e-12
66.58 7.28117e-12
66.598 7.06169e-12
66.616 6.84461e-12
66.634 6.63003e-12
66.652 6.41808e-12
66.67 6.20887e-12
66.688 6.00252e-12
66.706 5.79913e-12
66.724 5.59883e-12
66.742 5.40171e-12
66.76 5.20788e-12
66.778 5.01744e-12
66.796 4.83049e-12
66.814 4.64713e-12
66.832 4.46744e-12
66.85 4.29152e-12
66.868 4.11945e-12
66.886 3.95132e-12
66.904 3.7872e-12
66.922 3.62718e-12
66.94 3.47134e-12
66.958 3.31973e-12
66.976 3.17243e-12
66.994 3.02951e-12
67.012 2.89101e-12
67.03 2.75702e-12
67.048 2.62757e-12
67.066 2.50272e-12
67.084 2.38251e-12
67.102 2.267e-12
67.12 2.15622e-12
67.138 2.05022e-12
67.156 1.94901e-12
67.174 1.85264e-12
67.192 1.76114e-12
67.21 1.67452e-12
67.228 1.59282e-12
67.246 1.51603e-12
67.264 1.44419e-12
67.282 1.37729e-12
67.3 1.31535e-12
67.318 1.25838e-12
67.336 1.20636e-12
67.354 1.15929e-12
67.372 1.11718e-12
67.39 1.08001e-12
67.408 1.04776e-12
67.426 1.02043e-12
67.444 9.97979e-13
67.462 9.80401e-13
67.48 9.67663e-13
67.498 9.59737e-13
67.516 9.5659e-13
67.534 9.58186e-13
67.552 9.64487e-13
67.57 9.75451e-13
67.588 9.91034e-13
67.606 1.01119e-12
67.624 1.03586e-12
67.642 1.065e-12
67.66 1.09855e-12
67.678 1.13646e-12
67.696 1.17865e-12
67.714 1.22507e-12
67.732 1.27566e-12
67.75 1.33033e-12
67.768 1.38902e-12
67.786 1.45166e-12
67.804 1.51817e-12
67.822 1.58847e-12
67.84 1.66247e-12
67.858 1.74011e-12
67.876 1.82129e-12
67.894 1.90592e-12
67.912 1.99392e-12
67.93 2.0852e-12
67.948 2.17966e-12
67.966 2.27721e-12
67.984 2.37775e-12
68.002 2.48119e-12
68.02 2.58743e-12
68.038 2.69636e-12
68.056 2.80789e-12
68.074 2.92192e-12
68.092 3.03833e-12
68.11 3.15703e-12
68.128 3.27791e-12
68.146 3.40085e-12
68.164 3.52576e-12
68.182 3.65253e-12
68.2 3.78104e-12
68.218 3.91118e-12
68.236 4.04285e-12
68.254 4.17594e-12
68.272 4.31032e-12
68.29 4.4459e-12
68.308 4.58255e-12
68.326 4.72017e-12
68.344 4.85864e-12
68.362 4.99786e-12
68.38 5.1377e-12
68.398 5.27807e-12
68.416 5.41883e-12
68.434 5.5599e-12
68.452 5.70114e-12
68.47 5.84246e-12
68.488 5.98374e-12
68.506 6.12487e-12
68.524 6.26574e-12
68.542 6.40626e-12
68.56 6.5463e-12
68.578 6.68576e-12
68.596 6.82454e-12
68.614 6.96253e-12
68.632 7.09963e-12
68.65 7.23574e-12
68.668 7.37075e-12
68.686 7.50457e-12
68.704 7.63709e-12
68.722 7.76823e-12
68.74 7.89788e-12
68.758 8.02596e-12
68.776 8.15236e-12
68.794 8.277e-12
68.812 8.3998e-12
68.83 8.52065e-12
68.848 8.63948e-12
68.866 8.75621e-12
68.884 8.87075e-12
68.902 8.98301e-12
68.92 9.09294e-12
68.938 9.20044e-12
68.956 9.30545e-12
68.974 9.40789e-12
68.992 9.5077e-12
69.01 9.6048e-12
69.028 9.69914e-12
69.046 9.79064e-12
69.064 9.87926e-12
69.082 9.96493e-12
69.1 1.00476e-11
69.118 1.01272e-11
69.136 1.02037e-11
69.154 1.0277e-11
69.172 1.03472e-11
69.19 1.04141e-11
69.208 1.04777e-11
69.226 1.0538e-11
69.244 1.05949e-11
69.262 1.06484e-11
69.28 1.06985e-11
69.298 1.07452e-11
69.316 1.07884e-11
69.334 1.0828e-11
69.352 1.08642e-11
69.37 1.08968e-11
69.388 1.09259e-11
69.406 1.09514e-11
69.424 1.09733e-11
69.442 1.09916e-11
69.46 1.10063e-11
69.478 1.10175e-11
69.496 1.1025e-11
69.514 1.1029e-11
69.532 1.10294e-11
69.55 1.10262e-11
69.568 1.10194e-11
69.586 1.10091e-11
69.604 1.09952e-11
69.622 1.09779e-11
69.64 1.0957e-11
69.658 1.09326e-11
69.676 1.09048e-11
69.694 1.08735e-11
69.712 1.08389e-11
69.73 1.08009e-11
69.748 1.07595e-11
69.766 1.07149e-11
69.784 1.0667e-11
69.802 1.06158e-11
69.82 1.05615e-11
69.838 1.05041e-11
69.856 1.04436e-11
69.874 1.038e-11
69.892 1.03135e-11
69.91 1.0244e-11
69.928 1.01716e-11
69.946 1.00964e-11
69.964 1.00184e-11
69.982 9.93773e-12
